<?xml version="1.0" encoding="utf-8"?>
<COLLADA xmlns="http://www.collada.org/2005/11/COLLADASchema" version="1.4.1">
  <asset><contributor><author>Mixamo</author><authoring_tool>COLLADA Mixamo exporter</authoring_tool><comments></comments></contributor><created>2017-07-28T21:23:21Z</created><modified>2017-07-28T21:23:21Z</modified><revision></revision><title></title><unit meter="0.010000"/><up_axis>Y_UP</up_axis></asset>
  <library_animations>
    <animation id="mixamorig_Hips-anim" name="mixamorig_Hips"><source id="mixamorig_Hips-Matrix-animation-input"><float_array id="mixamorig_Hips-Matrix-animation-input-array" count="22">

0.000000 0.033333 0.066667 0.100000 0.133333 0.166667 0.200000 0.233333 0.266667 0.300000 0.333333 0.366667 0.400000 0.433333 0.466667 0.500000
0.533333 0.566667 0.600000 0.633333 0.666667 0.700000</float_array><technique_common><accessor source="#mixamorig_Hips-Matrix-animation-input-array" count="22"><param name="TIME" type="float"/></accessor></technique_common></source><source id="mixamorig_Hips-Matrix-animation-output-transform"><float_array id="mixamorig_Hips-Matrix-animation-output-transform-array" count="352">

0.993981 0.108218 -0.017067 0.003100 -0.109457 0.974363 -0.196558 0.987042 -0.004641 0.197243 0.980344 -0.015569 0.000000 0.000000 0.000000 1.000000
0.998720 0.041454 -0.028970 0.005175 -0.045695 0.985125 -0.165651 0.995876 0.021672 0.166763 0.985759 -0.007866 0.000000 0.000000 0.000000 1.000000
0.998310 -0.049378 -0.030644 0.003372 0.043244 0.983459 -0.175891 1.026473 0.038822 0.174268 0.983933 0.002468 0.000000 0.000000 0.000000 1.000000
0.986191 -0.165456 -0.007187 0.000315 0.161398 0.969920 -0.182224 1.054181 0.037121 0.178548 0.983231 0.006284 0.000000 0.000000 0.000000 1.000000
0.980655 -0.193652 0.028526 -0.001044 0.195550 0.962770 -0.186639 1.079427 0.008679 0.188606 0.982014 0.002944 0.000000 0.000000 0.000000 1.000000
0.988502 -0.146460 0.037579 -0.001520 0.150971 0.969823 -0.191447 1.091269 -0.008405 0.194919 0.980783 -0.004548 0.000000 0.000000 0.000000 1.000000
0.993846 -0.106354 0.030966 -0.001432 0.109875 0.981980 -0.153762 1.090590 -0.014055 0.156218 0.987623 -0.018396 0.000000 0.000000 0.000000 1.000000
0.996445 -0.054052 0.064614 -0.000774 0.062297 0.989121 -0.133264 1.072124 -0.056708 0.136815 0.988972 -0.025566 0.000000 0.000000 0.000000 1.000000
0.995412 -0.040905 0.086502 -0.001256 0.052823 0.988696 -0.140322 1.036523 -0.079784 0.144247 0.986320 -0.026747 0.000000 0.000000 0.000000 1.000000
0.995053 -0.053754 0.083551 -0.004655 0.067591 0.982640 -0.172774 1.007220 -0.072813 0.177566 0.981411 -0.022034 0.000000 0.000000 0.000000 1.000000
0.995328 -0.064957 0.071432 -0.013910 0.077066 0.980178 -0.182513 0.980895 -0.058160 0.187166 0.980605 -0.014397 0.000000 0.000000 0.000000 1.000000
0.997071 -0.011500 0.075618 -0.022533 0.025077 0.983136 -0.181150 0.982069 -0.072259 0.182516 0.980544 -0.005346 0.000000 0.000000 0.000000 1.000000
0.994853 0.049216 0.088577 -0.021212 -0.031974 0.981940 -0.186470 1.008143 -0.096155 0.182678 0.978460 0.002870 0.000000 0.000000 0.000000 1.000000
0.995141 0.087352 0.045422 -0.017069 -0.077534 0.979626 -0.185259 1.046436 -0.060679 0.180837 0.981639 0.006633 0.000000 0.000000 0.000000 1.000000
0.993229 0.115450 0.012950 -0.010666 -0.111238 0.977249 -0.180585 1.074341 -0.033504 0.177922 0.983474 0.002308 0.000000 0.000000 0.000000 1.000000
0.997896 0.060216 0.024035 -0.010718 -0.055393 0.984466 -0.166608 1.091155 -0.033694 0.164926 0.985730 -0.005614 0.000000 0.000000 0.000000 1.000000
0.998470 -0.049112 0.025395 -0.014147 0.052203 0.988721 -0.140379 1.095793 -0.018215 0.141490 0.989772 -0.012103 0.000000 0.000000 0.000000 1.000000
0.998981 -0.043860 0.010625 -0.014673 0.044814 0.991898 -0.118870 1.087890 -0.005325 0.119225 0.992853 -0.024278 0.000000 0.000000 0.000000 1.000000
0.999756 -0.003718 -0.021774 -0.011972 0.001189 0.993360 -0.115042 1.066555 0.022057 0.114988 0.993122 -0.029403 0.000000 0.000000 0.000000 1.000000
0.997788 0.060784 -0.026912 -0.004472 -0.063740 0.989761 -0.127712 1.032088 0.018873 0.129145 0.991446 -0.027674 0.000000 0.000000 0.000000 1.000000
0.994369 0.105168 -0.013028 -0.000648 -0.105843 0.979575 -0.170967 1.002454 -0.005218 0.171383 0.985191 -0.023172 0.000000 0.000000 0.000000 1.000000
0.993981 0.108218 -0.017067 0.003100 -0.109457 0.974363 -0.196558 0.987042 -0.004641 0.197243 0.980344 -0.015569 0.000000 0.000000 0.000000 1.000000</float_array><technique_common><accessor source="#mixamorig_Hips-Matrix-animation-output-transform-array" count="22" stride="16"><param type="float4x4"/></accessor></technique_common></source><source id="mixamorig_Hips-Interpolations"><Name_array id="mixamorig_Hips-Interpolations-array" count="22">
 LINEAR LINEAR LINEAR LINEAR LINEAR LINEAR LINEAR LINEAR LINEAR LINEAR LINEAR
LINEAR LINEAR LINEAR LINEAR LINEAR LINEAR LINEAR LINEAR LINEAR LINEAR LINEAR</Name_array><technique_common><accessor source="#mixamorig_Hips-Interpolations-array" count="22"><param type="name"/></accessor></technique_common></source><sampler id="mixamorig_Hips-Matrix-animation-transform"><input semantic="INPUT" source="#mixamorig_Hips-Matrix-animation-input"/><input semantic="OUTPUT" source="#mixamorig_Hips-Matrix-animation-output-transform"/><input semantic="INTERPOLATION" source="#mixamorig_Hips-Interpolations"/></sampler><channel source="#mixamorig_Hips-Matrix-animation-transform" target="mixamorig_Hips/matrix"/></animation>
    <animation id="mixamorig_Spine-anim" name="mixamorig_Spine"><source id="mixamorig_Spine-Matrix-animation-input"><float_array id="mixamorig_Spine-Matrix-animation-input-array" count="22">

0.000000 0.033333 0.066667 0.100000 0.133333 0.166667 0.200000 0.233333 0.266667 0.300000 0.333333 0.366667 0.400000 0.433333 0.466667 0.500000
0.533333 0.566667 0.600000 0.633333 0.666667 0.700000</float_array><technique_common><accessor source="#mixamorig_Spine-Matrix-animation-input-array" count="22"><param name="TIME" type="float"/></accessor></technique_common></source><source id="mixamorig_Spine-Matrix-animation-output-transform"><float_array id="mixamorig_Spine-Matrix-animation-output-transform-array" count="352">

0.989003 -0.146481 0.020407 0.000000 0.147879 0.981506 -0.121565 0.109100 -0.002222 0.123246 0.992374 -0.005700 0.000000 0.000000 0.000000 1.000000
0.991349 -0.066111 0.113384 -0.000000 0.080664 0.988361 -0.128981 0.109100 -0.103537 0.137011 0.985144 -0.005700 0.000000 0.000000 0.000000 1.000000
0.984227 0.042387 0.171758 0.000000 -0.022723 0.993120 -0.114876 0.109100 -0.175445 0.109161 0.978419 -0.005700 0.000000 0.000000 0.000000 1.000000
0.960407 0.185165 0.208165 0.000000 -0.162517 0.979230 -0.121234 0.109100 -0.226290 0.082603 0.970551 -0.005700 0.000000 0.000000 0.000000 1.000000
0.941991 0.221103 0.252519 0.000000 -0.199649 0.973901 -0.107972 0.109100 -0.269802 0.051294 0.961549 -0.005700 0.000000 0.000000 0.000000 1.000000
0.942476 0.175002 0.284803 0.000000 -0.158752 0.984124 -0.079363 0.109100 -0.294170 0.029584 0.955295 -0.005700 0.000000 0.000000 0.000000 1.000000
0.955949 0.131022 0.262667 0.000000 -0.113775 0.990289 -0.079896 0.109100 -0.270584 0.046492 0.961573 -0.005700 0.000000 0.000000 0.000000 1.000000
0.982634 0.063493 0.174352 0.000000 -0.052004 0.996212 -0.069698 0.109100 -0.178117 0.059421 0.982214 -0.005700 0.000000 0.000000 0.000000 1.000000
0.995440 0.044046 0.084611 -0.000000 -0.038643 0.997172 -0.064461 0.109100 -0.087211 0.060898 0.994327 -0.005700 0.000000 0.000000 0.000000 1.000000
0.998301 0.058033 0.005151 0.000000 -0.057472 0.995420 -0.076396 0.109100 -0.009561 0.075970 0.997064 -0.005700 0.000000 0.000000 0.000000 1.000000
0.994086 0.084414 -0.068311 0.000000 -0.090678 0.991387 -0.094490 0.109100 0.059746 0.100126 0.993179 -0.005700 0.000000 0.000000 0.000000 1.000000
0.989539 0.031583 -0.140763 0.000000 -0.046887 0.993178 -0.106770 0.109100 0.136430 0.112253 0.984269 -0.005700 0.000000 0.000000 0.000000 1.000000
0.975145 -0.034312 -0.218896 0.000000 0.008307 0.992903 -0.118633 0.109100 0.221413 0.113866 0.968510 -0.005700 0.000000 0.000000 0.000000 1.000000
0.959658 -0.078480 -0.269997 0.000000 0.047787 0.991811 -0.118440 0.109100 0.277081 0.100759 0.955549 -0.005700 0.000000 0.000000 0.000000 1.000000
0.932703 -0.128820 -0.336853 0.000000 0.091700 0.988043 -0.123943 0.109100 0.348791 0.084713 0.933364 -0.005700 0.000000 0.000000 0.000000 1.000000
0.912128 -0.066080 -0.404543 0.000000 0.029356 0.994917 -0.096323 0.109100 0.408852 0.075983 0.909432 -0.005700 0.000000 0.000000 0.000000 1.000000
0.903105 0.067681 -0.424054 -0.000000 -0.094259 0.994662 -0.041991 0.109100 0.418948 0.077893 0.904663 -0.005700 0.000000 0.000000 0.000000 1.000000
0.919098 0.057831 -0.389761 -0.000000 -0.092384 0.993226 -0.070483 0.109100 0.383045 0.100789 0.918215 -0.005700 0.000000 0.000000 0.000000 1.000000
0.948176 0.008852 -0.317623 0.000000 -0.045287 0.993172 -0.107512 0.109100 0.314502 0.116324 0.942102 -0.005700 0.000000 0.000000 0.000000 1.000000
0.973834 -0.086177 -0.210289 0.000000 0.058617 0.989254 -0.133945 0.109100 0.219573 0.118114 0.968420 -0.005700 0.000000 0.000000 0.000000 1.000000
0.983555 -0.148692 -0.102520 0.000000 0.134818 0.982162 -0.131081 0.109100 0.120182 0.115104 0.986057 -0.005700 0.000000 0.000000 0.000000 1.000000
0.989003 -0.146481 0.020407 0.000000 0.147879 0.981506 -0.121565 0.109100 -0.002222 0.123246 0.992374 -0.005700 0.000000 0.000000 0.000000 1.000000</float_array><technique_common><accessor source="#mixamorig_Spine-Matrix-animation-output-transform-array" count="22" stride="16"><param type="float4x4"/></accessor></technique_common></source><source id="mixamorig_Spine-Interpolations"><Name_array id="mixamorig_Spine-Interpolations-array" count="22">
 LINEAR LINEAR LINEAR LINEAR LINEAR LINEAR LINEAR LINEAR LINEAR LINEAR LINEAR
LINEAR LINEAR LINEAR LINEAR LINEAR LINEAR LINEAR LINEAR LINEAR LINEAR LINEAR</Name_array><technique_common><accessor source="#mixamorig_Spine-Interpolations-array" count="22"><param type="name"/></accessor></technique_common></source><sampler id="mixamorig_Spine-Matrix-animation-transform"><input semantic="INPUT" source="#mixamorig_Spine-Matrix-animation-input"/><input semantic="OUTPUT" source="#mixamorig_Spine-Matrix-animation-output-transform"/><input semantic="INTERPOLATION" source="#mixamorig_Spine-Interpolations"/></sampler><channel source="#mixamorig_Spine-Matrix-animation-transform" target="mixamorig_Spine/matrix"/></animation>
    <animation id="mixamorig_Spine1-anim" name="mixamorig_Spine1"><source id="mixamorig_Spine1-Matrix-animation-input"><float_array id="mixamorig_Spine1-Matrix-animation-input-array" count="22">

0.000000 0.033333 0.066667 0.100000 0.133333 0.166667 0.200000 0.233333 0.266667 0.300000 0.333333 0.366667 0.400000 0.433333 0.466667 0.500000
0.533333 0.566667 0.600000 0.633333 0.666667 0.700000</float_array><technique_common><accessor source="#mixamorig_Spine1-Matrix-animation-input-array" count="22"><param name="TIME" type="float"/></accessor></technique_common></source><source id="mixamorig_Spine1-Matrix-animation-output-transform"><float_array id="mixamorig_Spine1-Matrix-animation-output-transform-array" count="352">

0.999960 -0.008820 -0.001281 0.000000 0.008769 0.999334 -0.035409 0.127500 0.001592 0.035397 0.999372 -0.000000 0.000000 0.000000 0.000000 1.000000
0.998894 -0.005666 0.046679 0.000000 0.007659 0.999062 -0.042625 0.127500 -0.046393 0.042935 0.998000 0.000000 0.000000 0.000000 0.000000 1.000000
0.997285 -0.001570 0.073623 0.000000 0.003884 0.999503 -0.031292 0.127500 -0.073537 0.031493 0.996795 0.000000 0.000000 0.000000 0.000000 1.000000
0.996321 0.004134 0.085601 0.000000 -0.002336 0.999775 -0.021090 0.127500 -0.085669 0.020813 0.996106 0.000000 0.000000 0.000000 0.000000 1.000000
0.995111 0.008404 0.098402 -0.000000 -0.007615 0.999936 -0.008388 0.127500 -0.098467 0.007598 0.995111 0.000000 0.000000 0.000000 0.000000 1.000000
0.994503 0.002107 0.104683 0.000000 -0.002438 0.999992 0.003031 0.127500 -0.104676 -0.003270 0.994501 0.000000 0.000000 0.000000 0.000000 1.000000
0.995413 0.001154 0.095660 0.000000 -0.000947 0.999997 -0.002214 0.127500 -0.095662 0.002113 0.995412 -0.000000 0.000000 0.000000 0.000000 1.000000
0.997215 0.007459 0.074213 0.000000 -0.007079 0.999960 -0.005386 0.127500 -0.074250 0.004846 0.997228 -0.000000 0.000000 0.000000 0.000000 1.000000
0.998581 0.015951 0.050812 0.000000 -0.015748 0.999866 -0.004394 0.127500 -0.050875 0.003587 0.998699 0.000000 0.000000 0.000000 0.000000 1.000000
0.999557 0.023387 0.018423 0.000000 -0.023279 0.999711 -0.006047 0.127500 -0.018559 0.005616 0.999812 -0.000000 0.000000 0.000000 0.000000 1.000000
0.999545 0.024895 -0.017003 0.000000 -0.025056 0.999642 -0.009344 0.127500 0.016764 0.009766 0.999812 0.000000 0.000000 0.000000 0.000000 1.000000
0.998369 0.018241 -0.054103 -0.000000 -0.019009 0.999725 -0.013703 0.127500 0.053839 0.014709 0.998441 0.000000 0.000000 0.000000 0.000000 1.000000
0.995126 0.009937 -0.098113 0.000000 -0.011628 0.999793 -0.016677 0.127500 0.097927 0.017737 0.995035 0.000000 0.000000 0.000000 0.000000 1.000000
0.991928 0.003065 -0.126763 0.000000 -0.004674 0.999912 -0.012401 0.127500 0.126714 0.012894 0.991856 0.000000 0.000000 0.000000 0.000000 1.000000
0.989353 0.002794 -0.145512 0.000000 -0.003958 0.999962 -0.007713 0.127500 0.145485 0.008206 0.989326 0.000000 0.000000 0.000000 0.000000 1.000000
0.988340 0.005818 -0.152149 0.000000 -0.006921 0.999953 -0.006719 0.127500 0.152103 0.007694 0.988335 0.000000 0.000000 0.000000 0.000000 1.000000
0.987483 0.012502 -0.157230 0.000000 -0.013722 0.999884 -0.006680 0.127500 0.157128 0.008754 0.987539 0.000000 0.000000 0.000000 0.000000 1.000000
0.988254 0.020481 -0.151442 0.000000 -0.023073 0.999616 -0.015377 0.127500 0.151069 0.018690 0.988347 0.000000 0.000000 0.000000 0.000000 1.000000
0.991430 0.009861 -0.130269 0.000000 -0.013495 0.999543 -0.027042 0.127500 0.129943 0.028568 0.991110 -0.000000 0.000000 0.000000 0.000000 1.000000
0.995155 -0.000612 -0.098315 -0.000000 -0.002387 0.999535 -0.030384 0.127500 0.098287 0.030471 0.994691 0.000000 0.000000 0.000000 0.000000 1.000000
0.998329 -0.003711 -0.057668 0.000000 0.001925 0.999518 -0.030994 0.127500 0.057755 0.030831 0.997855 0.000000 0.000000 0.000000 0.000000 1.000000
0.999960 -0.008820 -0.001281 0.000000 0.008769 0.999334 -0.035409 0.127500 0.001592 0.035397 0.999372 -0.000000 0.000000 0.000000 0.000000 1.000000</float_array><technique_common><accessor source="#mixamorig_Spine1-Matrix-animation-output-transform-array" count="22" stride="16"><param type="float4x4"/></accessor></technique_common></source><source id="mixamorig_Spine1-Interpolations"><Name_array id="mixamorig_Spine1-Interpolations-array" count="22">
 LINEAR LINEAR LINEAR LINEAR LINEAR LINEAR LINEAR LINEAR LINEAR LINEAR LINEAR
LINEAR LINEAR LINEAR LINEAR LINEAR LINEAR LINEAR LINEAR LINEAR LINEAR LINEAR</Name_array><technique_common><accessor source="#mixamorig_Spine1-Interpolations-array" count="22"><param type="name"/></accessor></technique_common></source><sampler id="mixamorig_Spine1-Matrix-animation-transform"><input semantic="INPUT" source="#mixamorig_Spine1-Matrix-animation-input"/><input semantic="OUTPUT" source="#mixamorig_Spine1-Matrix-animation-output-transform"/><input semantic="INTERPOLATION" source="#mixamorig_Spine1-Interpolations"/></sampler><channel source="#mixamorig_Spine1-Matrix-animation-transform" target="mixamorig_Spine1/matrix"/></animation>
    <animation id="mixamorig_Spine2-anim" name="mixamorig_Spine2"><source id="mixamorig_Spine2-Matrix-animation-input"><float_array id="mixamorig_Spine2-Matrix-animation-input-array" count="22">

0.000000 0.033333 0.066667 0.100000 0.133333 0.166667 0.200000 0.233333 0.266667 0.300000 0.333333 0.366667 0.400000 0.433333 0.466667 0.500000
0.533333 0.566667 0.600000 0.633333 0.666667 0.700000</float_array><technique_common><accessor source="#mixamorig_Spine2-Matrix-animation-input-array" count="22"><param name="TIME" type="float"/></accessor></technique_common></source><source id="mixamorig_Spine2-Matrix-animation-output-transform"><float_array id="mixamorig_Spine2-Matrix-animation-output-transform-array" count="352">

0.999994 -0.003204 -0.001085 0.000000 0.003097 0.996209 -0.086933 0.145700 0.001359 0.086930 0.996214 0.000000 0.000000 0.000000 0.000000 1.000000
0.998873 0.000328 0.047469 -0.000000 0.004136 0.995572 -0.093908 0.145700 -0.047290 0.093998 0.994449 0.000000 0.000000 0.000000 0.000000 1.000000
0.997187 0.004603 0.074813 0.000000 0.001511 0.996676 -0.081450 0.145700 -0.074939 0.081334 0.993866 0.000000 0.000000 0.000000 0.000000 1.000000
0.996159 0.010704 0.086903 0.000000 -0.004637 0.997556 -0.069713 0.145700 -0.087437 0.069042 0.993775 0.000000 0.000000 0.000000 0.000000 1.000000
0.994934 0.015614 0.099313 -0.000000 -0.010065 0.998373 -0.056125 0.145700 -0.100028 0.054841 0.993472 0.000000 0.000000 0.000000 0.000000 1.000000
0.994388 0.009459 0.105367 0.000000 -0.004738 0.998977 -0.044969 0.145700 -0.105684 0.044218 0.993416 -0.000000 0.000000 0.000000 0.000000 1.000000
0.995305 0.008777 0.096385 -0.000000 -0.003829 0.998670 -0.051406 0.145700 -0.096708 0.050796 0.994016 0.000000 0.000000 0.000000 0.000000 1.000000
0.997089 0.014997 0.074756 -0.000000 -0.010821 0.998375 -0.055956 0.145700 -0.075474 0.054985 0.995631 0.000000 0.000000 0.000000 0.000000 1.000000
0.998431 0.022963 0.051066 0.000000 -0.020120 0.998255 -0.055511 0.145700 -0.052252 0.054396 0.997151 -0.000000 0.000000 0.000000 0.000000 1.000000
0.999396 0.029469 0.018429 -0.000000 -0.028370 0.997955 -0.057277 0.145700 -0.020079 0.056719 0.998188 0.000000 0.000000 0.000000 0.000000 1.000000
0.999401 0.029802 -0.017581 0.000000 -0.030818 0.997683 -0.060660 0.145700 0.015733 0.061165 0.998004 0.000000 0.000000 0.000000 0.000000 1.000000
0.998278 0.021480 -0.054585 0.000000 -0.025010 0.997583 -0.064835 0.145700 0.053060 0.066089 0.996402 0.000000 0.000000 0.000000 0.000000 1.000000
0.995094 0.012341 -0.098166 -0.000000 -0.019000 0.997559 -0.067191 0.145700 0.097097 0.068726 0.992899 0.000000 0.000000 0.000000 0.000000 1.000000
0.991917 0.004933 -0.126796 -0.000000 -0.012858 0.998008 -0.061758 0.145700 0.126239 0.062889 0.990004 0.000000 0.000000 0.000000 0.000000 1.000000
0.989318 0.005006 -0.145684 0.000000 -0.013170 0.998392 -0.055127 0.145700 0.145174 0.056457 0.987794 0.000000 0.000000 0.000000 0.000000 1.000000
0.988359 0.008514 -0.151898 0.000000 -0.016928 0.998387 -0.054185 0.145700 0.151192 0.056126 0.986910 0.000000 0.000000 0.000000 0.000000 1.000000
0.987502 0.015839 -0.156810 0.000000 -0.024751 0.998177 -0.055040 0.145700 0.155652 0.058234 0.986094 0.000000 0.000000 0.000000 0.000000 1.000000
0.988177 0.024555 -0.151341 -0.000000 -0.034477 0.997400 -0.063288 0.145700 0.149393 0.067757 0.986454 0.000000 0.000000 0.000000 0.000000 1.000000
0.991366 0.014380 -0.130331 0.000000 -0.024363 0.996861 -0.075333 0.145700 0.128839 0.077858 0.988604 0.000000 0.000000 0.000000 0.000000 1.000000
0.995136 0.004222 -0.098419 0.000000 -0.012091 0.996761 -0.079501 0.145700 0.097764 0.080304 0.991964 0.000000 0.000000 0.000000 0.000000 1.000000
0.998328 0.001742 -0.057770 -0.000000 -0.006445 0.996666 -0.081334 0.145700 0.057436 0.081571 0.995011 0.000000 0.000000 0.000000 0.000000 1.000000
0.999994 -0.003204 -0.001085 0.000000 0.003097 0.996209 -0.086933 0.145700 0.001359 0.086930 0.996214 0.000000 0.000000 0.000000 0.000000 1.000000</float_array><technique_common><accessor source="#mixamorig_Spine2-Matrix-animation-output-transform-array" count="22" stride="16"><param type="float4x4"/></accessor></technique_common></source><source id="mixamorig_Spine2-Interpolations"><Name_array id="mixamorig_Spine2-Interpolations-array" count="22">
 LINEAR LINEAR LINEAR LINEAR LINEAR LINEAR LINEAR LINEAR LINEAR LINEAR LINEAR
LINEAR LINEAR LINEAR LINEAR LINEAR LINEAR LINEAR LINEAR LINEAR LINEAR LINEAR</Name_array><technique_common><accessor source="#mixamorig_Spine2-Interpolations-array" count="22"><param type="name"/></accessor></technique_common></source><sampler id="mixamorig_Spine2-Matrix-animation-transform"><input semantic="INPUT" source="#mixamorig_Spine2-Matrix-animation-input"/><input semantic="OUTPUT" source="#mixamorig_Spine2-Matrix-animation-output-transform"/><input semantic="INTERPOLATION" source="#mixamorig_Spine2-Interpolations"/></sampler><channel source="#mixamorig_Spine2-Matrix-animation-transform" target="mixamorig_Spine2/matrix"/></animation>
    <animation id="mixamorig_Neck-anim" name="mixamorig_Neck"><source id="mixamorig_Neck-Matrix-animation-input"><float_array id="mixamorig_Neck-Matrix-animation-input-array" count="22">

0.000000 0.033333 0.066667 0.100000 0.133333 0.166667 0.200000 0.233333 0.266667 0.300000 0.333333 0.366667 0.400000 0.433333 0.466667 0.500000
0.533333 0.566667 0.600000 0.633333 0.666667 0.700000</float_array><technique_common><accessor source="#mixamorig_Neck-Matrix-animation-input-array" count="22"><param name="TIME" type="float"/></accessor></technique_common></source><source id="mixamorig_Neck-Matrix-animation-output-transform"><float_array id="mixamorig_Neck-Matrix-animation-output-transform-array" count="352">

0.999970 0.004850 -0.005963 0.000000 -0.004760 0.999876 0.015031 0.163900 0.006035 -0.015003 0.999869 0.000000 0.000000 0.000000 0.000000 1.000000
0.999451 0.001539 -0.033081 0.000000 -0.001270 0.999966 0.008168 0.163900 0.033093 -0.008122 0.999419 0.000000 0.000000 0.000000 0.000000 1.000000
0.998808 0.024033 -0.042475 -0.000000 -0.024250 0.999695 -0.004604 0.163900 0.042351 0.005629 0.999087 0.000000 0.000000 0.000000 0.000000 1.000000
0.998440 0.001062 -0.055820 -0.000000 -0.001357 0.999985 -0.005248 0.163900 0.055813 0.005315 0.998427 0.000000 0.000000 0.000000 0.000000 1.000000
0.997804 0.000383 -0.066231 -0.000000 -0.001401 0.999882 -0.015312 0.163900 0.066217 0.015371 0.997687 0.000000 0.000000 0.000000 0.000000 1.000000
0.997510 0.027251 -0.065054 0.000000 -0.029354 0.999069 -0.031604 0.163900 0.064132 0.033434 0.997381 0.000000 0.000000 0.000000 0.000000 1.000000
0.997994 0.017706 -0.060787 0.000000 -0.019522 0.999377 -0.029409 0.163900 0.060228 0.030536 0.997717 0.000000 0.000000 0.000000 0.000000 1.000000
0.998711 0.015572 -0.048306 0.000000 -0.016933 0.999468 -0.027890 0.163900 0.047846 0.028672 0.998443 0.000000 0.000000 0.000000 0.000000 1.000000
0.999365 0.012953 -0.033180 0.000000 -0.013698 0.999657 -0.022326 0.163900 0.032879 0.022766 0.999200 0.000000 0.000000 0.000000 0.000000 1.000000
0.999843 0.001727 -0.017623 0.000000 -0.001716 0.999998 0.000646 0.163900 0.017624 -0.000615 0.999844 0.000000 0.000000 0.000000 0.000000 1.000000
0.999684 -0.025064 -0.001698 -0.000000 0.025081 0.999623 0.011211 0.163900 0.001417 -0.011250 0.999936 -0.000000 0.000000 0.000000 0.000000 1.000000
0.999763 -0.007244 0.020518 0.000000 0.007281 0.999972 -0.001718 0.163900 -0.020505 0.001867 0.999788 0.000000 0.000000 0.000000 0.000000 1.000000
0.998745 -0.035298 0.035540 0.000000 0.035665 0.999316 -0.009742 0.163900 -0.035172 0.010997 0.999321 0.000000 0.000000 0.000000 0.000000 1.000000
0.997978 -0.027544 0.057276 0.000000 0.027972 0.999586 -0.006697 0.163900 -0.057068 0.008286 0.998336 0.000000 0.000000 0.000000 0.000000 1.000000
0.996738 0.001946 0.080686 0.000000 -0.002245 0.999991 0.003622 0.163900 -0.080678 -0.003791 0.996733 0.000000 0.000000 0.000000 0.000000 1.000000
0.996210 -0.012509 0.086080 -0.000000 0.013232 0.999882 -0.007834 0.163900 -0.085972 0.008944 0.996257 0.000000 0.000000 0.000000 0.000000 1.000000
0.995533 -0.045314 0.082830 -0.000000 0.047990 0.998379 -0.030605 0.163900 -0.081309 0.034443 0.996094 0.000000 0.000000 0.000000 0.000000 1.000000
0.995363 -0.055968 0.078237 -0.000000 0.058334 0.997896 -0.028282 0.163900 -0.076489 0.032714 0.996534 -0.000000 0.000000 0.000000 0.000000 1.000000
0.996859 -0.033754 0.071638 -0.000000 0.034328 0.999388 -0.006796 0.163900 -0.071365 0.009234 0.997408 0.000000 0.000000 0.000000 0.000000 1.000000
0.998311 -0.000334 0.058088 0.000000 -0.000335 0.999934 0.011507 0.163900 -0.058088 -0.011507 0.998245 -0.000000 0.000000 0.000000 0.000000 1.000000
0.999499 0.008562 0.030467 0.000000 -0.008991 0.999862 0.013953 0.163900 -0.030343 -0.014219 0.999438 -0.000000 0.000000 0.000000 0.000000 1.000000
0.999970 0.004850 -0.005963 0.000000 -0.004760 0.999876 0.015031 0.163900 0.006035 -0.015003 0.999869 0.000000 0.000000 0.000000 0.000000 1.000000</float_array><technique_common><accessor source="#mixamorig_Neck-Matrix-animation-output-transform-array" count="22" stride="16"><param type="float4x4"/></accessor></technique_common></source><source id="mixamorig_Neck-Interpolations"><Name_array id="mixamorig_Neck-Interpolations-array" count="22">
 LINEAR LINEAR LINEAR LINEAR LINEAR LINEAR LINEAR LINEAR LINEAR LINEAR LINEAR
LINEAR LINEAR LINEAR LINEAR LINEAR LINEAR LINEAR LINEAR LINEAR LINEAR LINEAR</Name_array><technique_common><accessor source="#mixamorig_Neck-Interpolations-array" count="22"><param type="name"/></accessor></technique_common></source><sampler id="mixamorig_Neck-Matrix-animation-transform"><input semantic="INPUT" source="#mixamorig_Neck-Matrix-animation-input"/><input semantic="OUTPUT" source="#mixamorig_Neck-Matrix-animation-output-transform"/><input semantic="INTERPOLATION" source="#mixamorig_Neck-Interpolations"/></sampler><channel source="#mixamorig_Neck-Matrix-animation-transform" target="mixamorig_Neck/matrix"/></animation>
    <animation id="mixamorig_Head-anim" name="mixamorig_Head"><source id="mixamorig_Head-Matrix-animation-input"><float_array id="mixamorig_Head-Matrix-animation-input-array" count="22">

0.000000 0.033333 0.066667 0.100000 0.133333 0.166667 0.200000 0.233333 0.266667 0.300000 0.333333 0.366667 0.400000 0.433333 0.466667 0.500000
0.533333 0.566667 0.600000 0.633333 0.666667 0.700000</float_array><technique_common><accessor source="#mixamorig_Head-Matrix-animation-input-array" count="22"><param name="TIME" type="float"/></accessor></technique_common></source><source id="mixamorig_Head-Matrix-animation-output-transform"><float_array id="mixamorig_Head-Matrix-animation-output-transform-array" count="352">

0.998399 0.054764 0.014124 0.000000 -0.056531 0.958949 0.277887 0.074600 0.001674 -0.278240 0.960510 0.028000 0.000000 0.000000 0.000000 1.000000
0.989400 0.074373 -0.124724 -0.000000 -0.039607 0.964536 0.260961 0.074600 0.139709 -0.253255 0.957258 0.028000 0.000000 0.000000 0.000000 1.000000
0.971698 0.020755 -0.235311 0.000000 0.025127 0.981400 0.190323 0.074600 0.234885 -0.190849 0.953103 0.028000 0.000000 0.000000 0.000000 1.000000
0.952070 -0.005717 -0.305826 -0.000000 0.047649 0.990392 0.129822 0.074600 0.302146 -0.138173 0.943195 0.028000 0.000000 0.000000 0.000000 1.000000
0.917800 -0.036765 -0.395336 0.000000 0.074311 0.994015 0.080078 0.074600 0.390026 -0.102874 0.915039 0.028000 0.000000 0.000000 0.000000 1.000000
0.896920 -0.064710 -0.437432 -0.000000 0.087056 0.995715 0.031204 0.074600 0.433539 -0.066068 0.898710 0.028000 0.000000 0.000000 0.000000 1.000000
0.915019 -0.058461 -0.399153 0.000000 0.068296 0.997610 0.010449 0.074600 0.397588 -0.036822 0.916825 0.028000 0.000000 0.000000 0.000000 1.000000
0.944794 -0.049934 -0.323837 0.000000 0.060101 0.997962 0.021463 0.074600 0.322105 -0.039741 0.945869 0.028000 0.000000 0.000000 0.000000 1.000000
0.972025 -0.043426 -0.230828 -0.000000 0.055662 0.997354 0.046763 0.074600 0.228187 -0.058303 0.971870 0.028000 0.000000 0.000000 0.000000 1.000000
0.991883 -0.023806 -0.124905 0.000000 0.039931 0.990940 0.128233 0.074600 0.120720 -0.132180 0.983847 0.028000 0.000000 0.000000 0.000000 1.000000
0.999641 -0.024602 0.010616 0.000000 0.021865 0.977981 0.207544 0.074600 -0.015488 -0.207237 0.978168 0.028000 0.000000 0.000000 0.000000 1.000000
0.993009 -0.041417 0.110538 0.000000 0.016527 0.975983 0.217218 0.074600 -0.116879 -0.213873 0.969844 0.028000 0.000000 0.000000 0.000000 1.000000
0.969125 -0.017091 0.245977 0.000000 -0.036029 0.977072 0.209841 0.074600 -0.243923 -0.212224 0.946289 0.028000 0.000000 0.000000 0.000000 1.000000
0.929141 -0.000617 0.369726 -0.000000 -0.067609 0.982854 0.171545 0.074600 -0.363493 -0.184386 0.913168 0.028000 0.000000 0.000000 0.000000 1.000000
0.885980 0.006699 0.463675 0.000000 -0.065702 0.991622 0.111217 0.074600 -0.459045 -0.129000 0.878998 0.028000 0.000000 0.000000 0.000000 1.000000
0.853810 0.024106 0.520027 0.000000 -0.067856 0.995558 0.065260 0.074600 -0.516144 -0.091007 0.851653 0.028000 0.000000 0.000000 0.000000 1.000000
0.844130 0.035657 0.534951 0.000000 -0.078285 0.995289 0.057190 0.074600 -0.530392 -0.090154 0.842945 0.028000 0.000000 0.000000 0.000000 1.000000
0.858920 0.020918 0.511682 0.000000 -0.079488 0.992502 0.092855 0.074600 -0.505903 -0.120427 0.854142 0.028000 0.000000 0.000000 0.000000 1.000000
0.893553 0.005191 0.448928 -0.000000 -0.076349 0.987125 0.140553 0.074600 -0.442419 -0.159866 0.882445 0.028000 0.000000 0.000000 0.000000 1.000000
0.943098 0.003113 0.332499 -0.000000 -0.062970 0.983534 0.169399 0.074600 -0.326497 -0.180698 0.927765 0.028000 0.000000 0.000000 0.000000 1.000000
0.982797 0.010230 0.184404 -0.000000 -0.050468 0.975338 0.214869 0.074600 -0.177658 -0.220479 0.959076 0.028000 0.000000 0.000000 0.000000 1.000000
0.998399 0.054764 0.014124 0.000000 -0.056531 0.958949 0.277887 0.074600 0.001674 -0.278240 0.960510 0.028000 0.000000 0.000000 0.000000 1.000000</float_array><technique_common><accessor source="#mixamorig_Head-Matrix-animation-output-transform-array" count="22" stride="16"><param type="float4x4"/></accessor></technique_common></source><source id="mixamorig_Head-Interpolations"><Name_array id="mixamorig_Head-Interpolations-array" count="22">
 LINEAR LINEAR LINEAR LINEAR LINEAR LINEAR LINEAR LINEAR LINEAR LINEAR LINEAR
LINEAR LINEAR LINEAR LINEAR LINEAR LINEAR LINEAR LINEAR LINEAR LINEAR LINEAR</Name_array><technique_common><accessor source="#mixamorig_Head-Interpolations-array" count="22"><param type="name"/></accessor></technique_common></source><sampler id="mixamorig_Head-Matrix-animation-transform"><input semantic="INPUT" source="#mixamorig_Head-Matrix-animation-input"/><input semantic="OUTPUT" source="#mixamorig_Head-Matrix-animation-output-transform"/><input semantic="INTERPOLATION" source="#mixamorig_Head-Interpolations"/></sampler><channel source="#mixamorig_Head-Matrix-animation-transform" target="mixamorig_Head/matrix"/></animation>
    <animation id="mixamorig_LeftShoulder-anim" name="mixamorig_LeftShoulder"><source id="mixamorig_LeftShoulder-Matrix-animation-input"><float_array id="mixamorig_LeftShoulder-Matrix-animation-input-array" count="22">

0.000000 0.033333 0.066667 0.100000 0.133333 0.166667 0.200000 0.233333 0.266667 0.300000 0.333333 0.366667 0.400000 0.433333 0.466667 0.500000
0.533333 0.566667 0.600000 0.633333 0.666667 0.700000</float_array><technique_common><accessor source="#mixamorig_LeftShoulder-Matrix-animation-input-array" count="22"><param name="TIME" type="float"/></accessor></technique_common></source><source id="mixamorig_LeftShoulder-Matrix-animation-output-transform"><float_array id="mixamorig_LeftShoulder-Matrix-animation-output-transform-array" count="352">

0.039800 0.934463 -0.353828 0.078800 0.012913 -0.354560 -0.934944 0.143000 -0.999124 0.032642 -0.026178 -0.002400 0.000000 0.000000 0.000000 1.000000
0.039692 0.942038 -0.333149 0.078800 0.012344 -0.333848 -0.942546 0.143000 -0.999136 0.033300 -0.024879 -0.002400 0.000000 0.000000 0.000000 1.000000
-0.004651 0.955083 -0.296301 0.078800 0.010768 -0.296240 -0.955053 0.143000 -0.999931 -0.007633 -0.008907 -0.002400 0.000000 0.000000 0.000000 1.000000
-0.045310 0.967250 -0.249748 0.078800 0.006948 -0.249693 -0.968300 0.143000 -0.998949 -0.045609 0.004593 -0.002400 0.000000 0.000000 0.000000 1.000000
-0.038613 0.982098 -0.184372 0.078800 0.002924 -0.184398 -0.982847 0.143000 -0.999250 -0.038490 0.004249 -0.002400 0.000000 0.000000 0.000000 1.000000
-0.031993 0.987904 -0.151733 0.078800 -0.000604 -0.151830 -0.988407 0.143000 -0.999488 -0.031530 0.005454 -0.002400 0.000000 0.000000 0.000000 1.000000
-0.038845 0.988718 -0.144662 0.078800 -0.002871 -0.144881 -0.989445 0.143000 -0.999241 -0.038019 0.008467 -0.002400 0.000000 0.000000 0.000000 1.000000
-0.016921 0.985483 -0.168929 0.078800 0.003627 -0.168892 -0.985628 0.143000 -0.999850 -0.017291 -0.000716 -0.002400 0.000000 0.000000 0.000000 1.000000
0.037777 0.965696 -0.256912 0.078800 0.010256 -0.257456 -0.966236 0.143000 -0.999234 0.033866 -0.019630 -0.002400 0.000000 0.000000 0.000000 1.000000
0.105437 0.923918 -0.367774 0.078800 0.011489 -0.370943 -0.928585 0.143000 -0.994360 0.093682 -0.049726 -0.002400 0.000000 0.000000 0.000000 1.000000
0.121069 0.909146 -0.398492 0.078800 0.010488 -0.402594 -0.915319 0.143000 -0.992589 0.106637 -0.058277 -0.002400 0.000000 0.000000 0.000000 1.000000
0.132802 0.911505 -0.389258 0.078800 0.010233 -0.393977 -0.919063 0.143000 -0.991090 0.118070 -0.061648 -0.002400 0.000000 0.000000 0.000000 1.000000
0.158290 0.933372 -0.322118 0.078800 0.011444 -0.327944 -0.944628 0.143000 -0.987326 0.145839 -0.062592 -0.002400 0.000000 0.000000 0.000000 1.000000
0.131312 0.952023 -0.276423 0.078800 0.012647 -0.280423 -0.959793 0.143000 -0.991260 0.122537 -0.048863 -0.002400 0.000000 0.000000 0.000000 1.000000
0.088369 0.962635 -0.255979 0.078800 0.011859 -0.257983 -0.966077 0.143000 -0.996017 0.082335 -0.034214 -0.002400 0.000000 0.000000 0.000000 1.000000
0.064600 0.970178 -0.233627 0.078800 0.010835 -0.234785 -0.971987 0.143000 -0.997852 0.060259 -0.025679 -0.002400 0.000000 0.000000 0.000000 1.000000
0.054443 0.975137 -0.214810 0.078800 0.010052 -0.215654 -0.976418 0.143000 -0.998466 0.051000 -0.021543 -0.002400 0.000000 0.000000 0.000000 1.000000
0.056143 0.974712 -0.216295 0.078800 0.010180 -0.217184 -0.976078 0.143000 -0.998371 0.052598 -0.022116 -0.002400 0.000000 0.000000 0.000000 1.000000
0.052554 0.965884 -0.253587 0.078800 0.010738 -0.254470 -0.967021 0.143000 -0.998560 0.048098 -0.023745 -0.002400 0.000000 0.000000 0.000000 1.000000
0.055460 0.949218 -0.309691 0.078800 0.011857 -0.310773 -0.950410 0.143000 -0.998390 0.049038 -0.028491 -0.002400 0.000000 0.000000 0.000000 1.000000
0.035927 0.943294 -0.330010 0.078800 0.012327 -0.330616 -0.943685 0.143000 -0.999278 0.029836 -0.023506 -0.002400 0.000000 0.000000 0.000000 1.000000
0.039800 0.934463 -0.353828 0.078800 0.012913 -0.354560 -0.934944 0.143000 -0.999124 0.032642 -0.026178 -0.002400 0.000000 0.000000 0.000000 1.000000</float_array><technique_common><accessor source="#mixamorig_LeftShoulder-Matrix-animation-output-transform-array" count="22" stride="16"><param type="float4x4"/></accessor></technique_common></source><source id="mixamorig_LeftShoulder-Interpolations"><Name_array id="mixamorig_LeftShoulder-Interpolations-array" count="22">
 LINEAR LINEAR LINEAR LINEAR LINEAR LINEAR LINEAR LINEAR LINEAR LINEAR LINEAR
LINEAR LINEAR LINEAR LINEAR LINEAR LINEAR LINEAR LINEAR LINEAR LINEAR LINEAR</Name_array><technique_common><accessor source="#mixamorig_LeftShoulder-Interpolations-array" count="22"><param type="name"/></accessor></technique_common></source><sampler id="mixamorig_LeftShoulder-Matrix-animation-transform"><input semantic="INPUT" source="#mixamorig_LeftShoulder-Matrix-animation-input"/><input semantic="OUTPUT" source="#mixamorig_LeftShoulder-Matrix-animation-output-transform"/><input semantic="INTERPOLATION" source="#mixamorig_LeftShoulder-Interpolations"/></sampler><channel source="#mixamorig_LeftShoulder-Matrix-animation-transform" target="mixamorig_LeftShoulder/matrix"/></animation>
    <animation id="mixamorig_LeftArm-anim" name="mixamorig_LeftArm"><source id="mixamorig_LeftArm-Matrix-animation-input"><float_array id="mixamorig_LeftArm-Matrix-animation-input-array" count="22">

0.000000 0.033333 0.066667 0.100000 0.133333 0.166667 0.200000 0.233333 0.266667 0.300000 0.333333 0.366667 0.400000 0.433333 0.466667 0.500000
0.533333 0.566667 0.600000 0.633333 0.666667 0.700000</float_array><technique_common><accessor source="#mixamorig_LeftArm-Matrix-animation-input-array" count="22"><param name="TIME" type="float"/></accessor></technique_common></source><source id="mixamorig_LeftArm-Matrix-animation-output-transform"><float_array id="mixamorig_LeftArm-Matrix-animation-output-transform-array" count="352">

0.965440 0.185253 0.183324 -0.000000 0.009962 0.676653 -0.736234 0.164200 -0.260436 0.712616 0.651423 0.000000 0.000000 0.000000 0.000000 1.000000
0.940618 0.266521 0.210248 0.000000 -0.038460 0.699028 -0.714059 0.164200 -0.337281 0.663571 0.667769 0.000000 0.000000 0.000000 0.000000 1.000000
0.878399 0.362689 0.311243 -0.000000 -0.054428 0.722910 -0.688795 0.164200 -0.474819 0.588096 0.654744 0.000000 0.000000 0.000000 0.000000 1.000000
0.810905 0.419661 0.407821 -0.000000 -0.062244 0.754821 -0.652970 0.164200 -0.581858 0.504113 0.638210 0.000000 0.000000 0.000000 0.000000 1.000000
0.735517 0.470863 0.487138 0.000000 -0.052840 0.756694 -0.651631 0.164200 -0.675443 0.453545 0.581441 0.000000 0.000000 0.000000 0.000000 1.000000
0.680342 0.520556 0.515903 0.000000 -0.066176 0.744682 -0.664131 0.164200 -0.729901 0.417696 0.541087 0.000000 0.000000 0.000000 0.000000 1.000000
0.669883 0.570319 0.475387 -0.000000 -0.104749 0.706473 -0.699946 0.164200 -0.735041 0.419085 0.532994 0.000000 0.000000 0.000000 0.000000 1.000000
0.709013 0.593864 0.380297 0.000000 -0.148173 0.652696 -0.742989 0.164200 -0.689453 0.470439 0.550765 -0.000000 0.000000 0.000000 0.000000 1.000000
0.805259 0.536252 0.252967 -0.000000 -0.201047 0.648315 -0.734349 0.164200 -0.557798 0.540482 0.629873 0.000000 0.000000 0.000000 0.000000 1.000000
0.939300 0.338290 0.057237 0.000000 -0.212730 0.705117 -0.676428 0.164200 -0.269188 0.623193 0.734281 0.000000 0.000000 0.000000 0.000000 1.000000
0.995266 -0.042159 -0.087564 0.000000 -0.034087 0.692333 -0.720772 0.164200 0.091011 0.720345 0.687619 -0.000000 0.000000 0.000000 0.000000 1.000000
0.938854 -0.304655 -0.160433 -0.000000 0.060140 0.603879 -0.794804 0.164200 0.339023 0.736556 0.585276 0.000000 0.000000 0.000000 0.000000 1.000000
0.912497 -0.360075 -0.194150 0.000000 0.055767 0.579660 -0.812948 0.164200 0.405263 0.730986 0.549018 0.000000 0.000000 0.000000 0.000000 1.000000
0.927073 -0.350266 -0.133602 0.000000 0.117394 0.609712 -0.783881 0.164200 0.356025 0.711031 0.606367 0.000000 0.000000 0.000000 0.000000 1.000000
0.958285 -0.278616 -0.063738 0.000000 0.158768 0.704351 -0.691869 0.164200 0.237660 0.652888 0.719205 -0.000000 0.000000 0.000000 0.000000 1.000000
0.973517 -0.228614 0.000514 0.000000 0.187001 0.795020 -0.577039 0.164200 0.131511 0.561854 0.816716 -0.000000 0.000000 0.000000 0.000000 1.000000
0.988397 -0.143741 0.049082 0.000000 0.147515 0.831421 -0.535704 0.164200 0.036195 0.536728 0.842978 -0.000000 0.000000 0.000000 0.000000 1.000000
0.996289 -0.050374 0.069792 0.000000 0.081752 0.807482 -0.584200 0.164200 -0.026927 0.587738 0.808603 0.000000 0.000000 0.000000 0.000000 1.000000
0.993982 0.046539 0.099171 0.000000 0.031066 0.748361 -0.662563 0.164200 -0.105051 0.661657 0.742411 -0.000000 0.000000 0.000000 0.000000 1.000000
0.981228 0.124439 0.147330 -0.000000 0.023030 0.682883 -0.730164 0.164200 -0.191470 0.719851 0.667199 0.000000 0.000000 0.000000 0.000000 1.000000
0.970384 0.157076 0.183528 0.000000 0.040074 0.644537 -0.763523 0.164200 -0.238221 0.748265 0.619153 0.000000 0.000000 0.000000 0.000000 1.000000
0.965440 0.185253 0.183324 -0.000000 0.009962 0.676653 -0.736234 0.164200 -0.260436 0.712616 0.651422 0.000000 0.000000 0.000000 0.000000 1.000000</float_array><technique_common><accessor source="#mixamorig_LeftArm-Matrix-animation-output-transform-array" count="22" stride="16"><param type="float4x4"/></accessor></technique_common></source><source id="mixamorig_LeftArm-Interpolations"><Name_array id="mixamorig_LeftArm-Interpolations-array" count="22">
 LINEAR LINEAR LINEAR LINEAR LINEAR LINEAR LINEAR LINEAR LINEAR LINEAR LINEAR
