<?xml version="1.0" encoding="utf-8"?>
<COLLADA xmlns="http://www.collada.org/2005/11/COLLADASchema" version="1.4.1">
  <asset><contributor><author>Mixamo</author><authoring_tool>COLLADA Mixamo exporter</authoring_tool><comments></comments></contributor><created>2017-07-28T21:23:21Z</created><modified>2017-07-28T21:23:21Z</modified><revision></revision><title></title><unit meter="0.010000"/><up_axis>Y_UP</up_axis></asset>
  <library_animations>
    <animation id="mixamorig_Hips-anim" name="mixamorig_Hips"><source id="mixamorig_Hips-Matrix-animation-input"><float_array id="mixamorig_Hips-Matrix-animation-input-array" count="19">

0.000000 0.033333 0.066667 0.100000 0.133333 0.166667 0.200000 0.233333 0.266667 0.300000 0.333333 0.366667 0.400000 0.433333 0.466667 0.500000
0.533333 0.566667 0.600000</float_array><technique_common><accessor source="#mixamorig_Hips-Matrix-animation-input-array" count="19"><param name="TIME" type="float"/></accessor></technique_common></source><source id="mixamorig_Hips-Matrix-animation-output-transform"><float_array id="mixamorig_Hips-Matrix-animation-output-transform-array" count="304">

0.947667 0.079900 -0.309100 0.007157 -0.188512 0.921420 -0.339777 0.943218 0.257662 0.380264 0.888262 -0.000488 0.000000 0.000000 0.000000 1.000000
0.970761 -0.014184 -0.239627 0.011520 -0.074900 0.930516 -0.358511 0.966602 0.228062 0.365977 0.902247 0.002719 0.000000 0.000000 0.000000 1.000000
0.990221 -0.091532 -0.105283 0.010992 0.042125 0.915619 -0.399834 0.999892 0.132997 0.391489 0.910521 0.006944 0.000000 0.000000 0.000000 1.000000
0.997297 -0.072822 0.009783 0.010361 0.070300 0.906966 -0.415295 1.023861 0.021369 0.414860 0.909634 0.005222 0.000000 0.000000 0.000000 1.000000
0.997035 -0.031181 0.070350 0.012560 0.056393 0.918110 -0.392294 1.024484 -0.052356 0.395098 0.917146 -0.010528 0.000000 0.000000 0.000000 1.000000
0.995197 -0.043604 0.087640 0.015347 0.071160 0.937061 -0.341839 1.008079 -0.067219 0.346434 0.935663 -0.028279 0.000000 0.000000 0.000000 1.000000
0.993753 -0.069697 0.087157 0.018387 0.093973 0.943862 -0.316690 0.981577 -0.060191 0.322903 0.944516 -0.052080 0.000000 0.000000 0.000000 1.000000
0.985751 -0.104546 0.131776 0.021467 0.141289 0.939727 -0.311369 0.946681 -0.091281 0.325551 0.941108 -0.089937 0.000000 0.000000 0.000000 1.000000
0.972506 -0.076149 0.220077 0.016615 0.145729 0.936124 -0.320056 0.920057 -0.181648 0.343328 0.921483 -0.109511 0.000000 0.000000 0.000000 1.000000
0.962779 0.008335 0.270160 0.011992 0.082911 0.942230 -0.324543 0.922717 -0.257258 0.334863 0.906469 -0.094176 0.000000 0.000000 0.000000 1.000000
0.972856 0.080966 0.216786 0.012415 -0.000252 0.937166 -0.348885 0.954836 -0.231412 0.339360 0.911747 -0.068325 0.000000 0.000000 0.000000 1.000000
0.988176 0.141132 0.059912 0.014131 -0.109804 0.924154 -0.365901 0.988448 -0.107008 0.354996 0.928723 -0.048175 0.000000 0.000000 0.000000 1.000000
0.989489 0.130328 -0.062655 0.013398 -0.144404 0.913447 -0.380477 1.020887 0.007645 0.385525 0.922666 -0.035296 0.000000 0.000000 0.000000 1.000000
0.991205 0.096960 -0.090060 0.011709 -0.124014 0.918087 -0.376481 1.031357 0.046180 0.384338 0.922037 -0.036728 0.000000 0.000000 0.000000 1.000000
0.992376 0.083502 -0.090644 0.012015 -0.110177 0.930665 -0.348888 1.021260 0.055227 0.356215 0.932770 -0.035390 0.000000 0.000000 0.000000 1.000000
0.988975 0.089698 -0.117823 0.009368 -0.124657 0.933767 -0.335468 0.990789 0.079929 0.346457 0.934654 -0.025035 0.000000 0.000000 0.000000 1.000000
0.970006 0.141125 -0.197918 0.005300 -0.202975 0.918246 -0.340038 0.955338 0.133749 0.370011 0.919349 -0.031388 0.000000 0.000000 0.000000 1.000000
0.947684 0.145300 -0.284224 0.005624 -0.245361 0.901133 -0.357432 0.933356 0.204189 0.408470 0.889640 -0.034244 0.000000 0.000000 0.000000 1.000000
0.947667 0.079900 -0.309100 0.007157 -0.188512 0.921420 -0.339777 0.943218 0.257662 0.380264 0.888262 -0.000488 0.000000 0.000000 0.000000 1.000000</float_array><technique_common><accessor source="#mixamorig_Hips-Matrix-animation-output-transform-array" count="19" stride="16"><param type="float4x4"/></accessor></technique_common></source><source id="mixamorig_Hips-Interpolations"><Name_array id="mixamorig_Hips-Interpolations-array" count="19">
 LINEAR LINEAR LINEAR LINEAR LINEAR LINEAR LINEAR LINEAR LINEAR LINEAR LINEAR
LINEAR LINEAR LINEAR LINEAR LINEAR LINEAR LINEAR LINEAR</Name_array><technique_common><accessor source="#mixamorig_Hips-Interpolations-array" count="19"><param type="name"/></accessor></technique_common></source><sampler id="mixamorig_Hips-Matrix-animation-transform"><input semantic="INPUT" source="#mixamorig_Hips-Matrix-animation-input"/><input semantic="OUTPUT" source="#mixamorig_Hips-Matrix-animation-output-transform"/><input semantic="INTERPOLATION" source="#mixamorig_Hips-Interpolations"/></sampler><channel source="#mixamorig_Hips-Matrix-animation-transform" target="mixamorig_Hips/matrix"/></animation>
    <animation id="mixamorig_Spine-anim" name="mixamorig_Spine"><source id="mixamorig_Spine-Matrix-animation-input"><float_array id="mixamorig_Spine-Matrix-animation-input-array" count="19">

0.000000 0.033333 0.066667 0.100000 0.133333 0.166667 0.200000 0.233333 0.266667 0.300000 0.333333 0.366667 0.400000 0.433333 0.466667 0.500000
0.533333 0.566667 0.600000</float_array><technique_common><accessor source="#mixamorig_Spine-Matrix-animation-input-array" count="19"><param name="TIME" type="float"/></accessor></technique_common></source><source id="mixamorig_Spine-Matrix-animation-output-transform"><float_array id="mixamorig_Spine-Matrix-animation-output-transform-array" count="304">

0.975725 -0.050360 0.213129 0.000000 0.093263 0.976093 -0.196327 0.109100 -0.198147 0.211438 0.957095 -0.005700 0.000000 0.000000 0.000000 1.000000
0.960858 0.052768 0.271969 0.000000 -0.004183 0.984345 -0.176204 0.109100 -0.277010 0.168170 0.946036 -0.005700 0.000000 0.000000 0.000000 1.000000
0.951228 0.133446 0.278131 -0.000000 -0.098118 0.985653 -0.137338 0.109100 -0.292468 0.103350 0.950674 -0.005700 0.000000 0.000000 0.000000 1.000000
0.960166 0.122360 0.251214 0.000000 -0.101468 0.990336 -0.094547 0.109100 -0.260355 0.065290 0.963303 -0.005700 0.000000 0.000000 0.000000 1.000000
0.975187 0.088646 0.202860 0.000000 -0.072122 0.993554 -0.087460 0.109100 -0.209305 0.070659 0.975294 -0.005700 0.000000 0.000000 0.000000 1.000000
0.978861 0.111149 0.171686 -0.000000 -0.090760 0.988325 -0.122377 0.109100 -0.183284 0.104208 0.977521 -0.005700 0.000000 0.000000 0.000000 1.000000
0.978125 0.150403 0.143701 -0.000000 -0.128717 0.980290 -0.149877 0.109100 -0.163411 0.128102 0.978206 -0.005700 0.000000 0.000000 0.000000 1.000000
0.981035 0.186012 0.054500 -0.000000 -0.173549 0.968160 -0.180407 0.109100 -0.086323 0.167527 0.982081 -0.005700 0.000000 0.000000 0.000000 1.000000
0.985708 0.150830 -0.075032 0.000000 -0.162357 0.969376 -0.184258 0.109100 0.044942 0.193807 0.980010 -0.005700 0.000000 0.000000 0.000000 1.000000
0.979068 0.046906 -0.198057 0.000000 -0.082551 0.980966 -0.175756 0.109100 0.186043 0.188427 0.964304 -0.005700 0.000000 0.000000 0.000000 1.000000
0.961884 -0.045894 -0.269580 0.000000 0.003542 0.987824 -0.155533 0.109100 0.273436 0.148650 0.950335 -0.005700 0.000000 0.000000 0.000000 1.000000
0.960083 -0.118929 -0.253175 -0.000000 0.083911 0.985880 -0.144914 0.109100 0.266834 0.117885 0.956505 -0.005700 0.000000 0.000000 0.000000 1.000000
0.970803 -0.118072 -0.208806 -0.000000 0.093396 0.987832 -0.124358 0.109100 0.220948 0.101225 0.970018 -0.005700 0.000000 0.000000 0.000000 1.000000
0.980983 -0.094030 -0.169799 -0.000000 0.071613 0.988439 -0.133641 0.109100 0.180402 0.118939 0.976375 -0.005700 0.000000 0.000000 0.000000 1.000000
0.986479 -0.092681 -0.135163 0.000000 0.069629 0.983616 -0.166286 0.109100 0.148361 0.154626 0.976770 -0.005700 0.000000 0.000000 0.000000 1.000000
0.989595 -0.111244 -0.091253 0.000000 0.093875 0.979823 -0.176448 0.109100 0.109040 0.166046 0.980071 -0.005700 0.000000 0.000000 0.000000 1.000000
0.987652 -0.155950 0.014913 0.000000 0.155936 0.969459 -0.189295 0.109100 0.015063 0.189283 0.981807 -0.005700 0.000000 0.000000 0.000000 1.000000
0.981513 -0.143710 0.126408 0.000000 0.165470 0.969067 -0.183107 0.109100 -0.096184 0.200639 0.974932 -0.005700 0.000000 0.000000 0.000000 1.000000
0.975725 -0.050359 0.213129 0.000000 0.093262 0.976093 -0.196327 0.109100 -0.198147 0.211438 0.957095 -0.005700 0.000000 0.000000 0.000000 1.000000</float_array><technique_common><accessor source="#mixamorig_Spine-Matrix-animation-output-transform-array" count="19" stride="16"><param type="float4x4"/></accessor></technique_common></source><source id="mixamorig_Spine-Interpolations"><Name_array id="mixamorig_Spine-Interpolations-array" count="19">
 LINEAR LINEAR LINEAR LINEAR LINEAR LINEAR LINEAR LINEAR LINEAR LINEAR LINEAR
LINEAR LINEAR LINEAR LINEAR LINEAR LINEAR LINEAR LINEAR</Name_array><technique_common><accessor source="#mixamorig_Spine-Interpolations-array" count="19"><param type="name"/></accessor></technique_common></source><sampler id="mixamorig_Spine-Matrix-animation-transform"><input semantic="INPUT" source="#mixamorig_Spine-Matrix-animation-input"/><input semantic="OUTPUT" source="#mixamorig_Spine-Matrix-animation-output-transform"/><input semantic="INTERPOLATION" source="#mixamorig_Spine-Interpolations"/></sampler><channel source="#mixamorig_Spine-Matrix-animation-transform" target="mixamorig_Spine/matrix"/></animation>
    <animation id="mixamorig_Spine1-anim" name="mixamorig_Spine1"><source id="mixamorig_Spine1-Matrix-animation-input"><float_array id="mixamorig_Spine1-Matrix-animation-input-array" count="19">

0.000000 0.033333 0.066667 0.100000 0.133333 0.166667 0.200000 0.233333 0.266667 0.300000 0.333333 0.366667 0.400000 0.433333 0.466667 0.500000
0.533333 0.566667 0.600000</float_array><technique_common><accessor source="#mixamorig_Spine1-Matrix-animation-input-array" count="19"><param name="TIME" type="float"/></accessor></technique_common></source><source id="mixamorig_Spine1-Matrix-animation-output-transform"><float_array id="mixamorig_Spine1-Matrix-animation-output-transform-array" count="304">

0.998511 -0.015271 0.052371 -0.000000 0.016314 0.999676 -0.019546 0.127500 -0.052055 0.020371 0.998436 0.000000 0.000000 0.000000 0.000000 1.000000
0.997308 -0.002065 0.073293 0.000000 0.003099 0.999897 -0.013994 0.127500 -0.073257 0.014183 0.997212 0.000000 0.000000 0.000000 0.000000 1.000000
0.996807 0.012063 0.078929 0.000000 -0.011228 0.999876 -0.011006 0.127500 -0.079052 0.010084 0.996819 -0.000000 0.000000 0.000000 0.000000 1.000000
0.997296 0.017596 0.071351 0.000000 -0.016964 0.999811 -0.009444 0.127500 -0.071504 0.008208 0.997407 0.000000 0.000000 0.000000 0.000000 1.000000
0.998330 0.013359 0.056196 -0.000000 -0.012677 0.999842 -0.012485 0.127500 -0.056354 0.011752 0.998342 0.000000 0.000000 0.000000 0.000000 1.000000
0.998808 0.014503 0.046609 0.000000 -0.013278 0.999561 -0.026499 0.127500 -0.046973 0.025849 0.998562 0.000000 0.000000 0.000000 0.000000 1.000000
0.998996 0.021179 0.039476 -0.000000 -0.019883 0.999260 -0.032939 0.127500 -0.040144 0.032122 0.998677 0.000000 0.000000 0.000000 0.000000 1.000000
0.999413 0.028098 0.019610 0.000000 -0.027455 0.999100 -0.032334 0.127500 -0.020501 0.031777 0.999285 0.000000 0.000000 0.000000 0.000000 1.000000
0.999629 0.024201 -0.012500 0.000000 -0.024542 0.999309 -0.027923 0.127500 0.011816 0.028219 0.999532 0.000000 0.000000 0.000000 0.000000 1.000000
0.998775 0.010590 -0.048331 -0.000000 -0.011661 0.999691 -0.021940 0.127500 0.048084 0.022476 0.998590 -0.000000 0.000000 0.000000 0.000000 1.000000
0.997465 0.001393 -0.071148 0.000000 -0.002359 0.999906 -0.013501 0.127500 0.071123 0.013634 0.997374 0.000000 0.000000 0.000000 0.000000 1.000000
0.997536 -0.006816 -0.069828 -0.000000 0.005799 0.999874 -0.014752 0.127500 0.069920 0.014311 0.997450 0.000000 0.000000 0.000000 0.000000 1.000000
0.998272 -0.009610 -0.057978 0.000000 0.008462 0.999764 -0.020013 0.127500 0.058157 0.019488 0.998117 0.000000 0.000000 0.000000 0.000000 1.000000
0.998872 -0.006815 -0.047003 0.000000 0.005736 0.999718 -0.023050 0.127500 0.047147 0.022754 0.998629 0.000000 0.000000 0.000000 0.000000 1.000000
0.999302 -0.006388 -0.036820 -0.000000 0.005248 0.999507 -0.030960 0.127500 0.036999 0.030746 0.998842 -0.000000 0.000000 0.000000 0.000000 1.000000
0.999640 -0.010448 -0.024697 0.000000 0.009535 0.999277 -0.036804 0.127500 0.025064 0.036555 0.999017 -0.000000 0.000000 0.000000 0.000000 1.000000
0.999771 -0.021383 -0.000796 0.000000 0.021345 0.999218 -0.033297 0.127500 0.001507 0.033272 0.999445 -0.000000 0.000000 0.000000 0.000000 1.000000
0.999312 -0.026848 0.025573 -0.000000 0.027459 0.999339 -0.023827 0.127500 -0.024916 0.024513 0.999389 -0.000000 0.000000 0.000000 0.000000 1.000000
0.998511 -0.015271 0.052371 -0.000000 0.016314 0.999676 -0.019546 0.127500 -0.052055 0.020371 0.998436 0.000000 0.000000 0.000000 0.000000 1.000000</float_array><technique_common><accessor source="#mixamorig_Spine1-Matrix-animation-output-transform-array" count="19" stride="16"><param type="float4x4"/></accessor></technique_common></source><source id="mixamorig_Spine1-Interpolations"><Name_array id="mixamorig_Spine1-Interpolations-array" count="19">
 LINEAR LINEAR LINEAR LINEAR LINEAR LINEAR LINEAR LINEAR LINEAR LINEAR LINEAR
LINEAR LINEAR LINEAR LINEAR LINEAR LINEAR LINEAR LINEAR</Name_array><technique_common><accessor source="#mixamorig_Spine1-Interpolations-array" count="19"><param type="name"/></accessor></technique_common></source><sampler id="mixamorig_Spine1-Matrix-animation-transform"><input semantic="INPUT" source="#mixamorig_Spine1-Matrix-animation-input"/><input semantic="OUTPUT" source="#mixamorig_Spine1-Matrix-animation-output-transform"/><input semantic="INTERPOLATION" source="#mixamorig_Spine1-Interpolations"/></sampler><channel source="#mixamorig_Spine1-Matrix-animation-transform" target="mixamorig_Spine1/matrix"/></animation>
    <animation id="mixamorig_Spine2-anim" name="mixamorig_Spine2"><source id="mixamorig_Spine2-Matrix-animation-input"><float_array id="mixamorig_Spine2-Matrix-animation-input-array" count="19">

0.000000 0.033333 0.066667 0.100000 0.133333 0.166667 0.200000 0.233333 0.266667 0.300000 0.333333 0.366667 0.400000 0.433333 0.466667 0.500000
0.533333 0.566667 0.600000</float_array><technique_common><accessor source="#mixamorig_Spine2-Matrix-animation-input-array" count="19"><param name="TIME" type="float"/></accessor></technique_common></source><source id="mixamorig_Spine2-Matrix-animation-output-transform"><float_array id="mixamorig_Spine2-Matrix-animation-output-transform-array" count="304">

0.998552 -0.014878 0.051693 0.000000 0.015939 0.999670 -0.020170 0.145700 -0.051375 0.020965 0.998459 0.000000 0.000000 0.000000 0.000000 1.000000
0.997329 -0.001764 0.073021 0.000000 0.002817 0.999894 -0.014315 0.145700 -0.072988 0.014482 0.997228 0.000000 0.000000 0.000000 0.000000 1.000000
0.996793 0.012230 0.079086 0.000000 -0.011417 0.999877 -0.010726 0.145700 -0.079207 0.009788 0.996810 -0.000000 0.000000 0.000000 0.000000 1.000000
0.997277 0.017809 0.071570 0.000000 -0.017212 0.999812 -0.008950 0.145700 -0.071716 0.007693 0.997395 0.000000 0.000000 0.000000 0.000000 1.000000
0.998320 0.013713 0.056287 -0.000000 -0.013045 0.999840 -0.012227 0.145700 -0.056446 0.011473 0.998340 0.000000 0.000000 0.000000 0.000000 1.000000
0.998802 0.015259 0.046501 0.000000 -0.014047 0.999556 -0.026286 0.145700 -0.046882 0.025601 0.998572 -0.000000 0.000000 0.000000 0.000000 1.000000
0.998981 0.022023 0.039386 0.000000 -0.020745 0.999254 -0.032566 0.145700 -0.040074 0.031716 0.998693 0.000000 0.000000 0.000000 0.000000 1.000000
0.999391 0.028653 0.019920 -0.000000 -0.028007 0.999096 -0.031990 0.145700 -0.020819 0.031413 0.999290 0.000000 0.000000 0.000000 0.000000 1.000000
0.999633 0.024343 -0.011907 0.000000 -0.024670 0.999300 -0.028106 0.145700 0.011215 0.028389 0.999534 0.000000 0.000000 0.000000 0.000000 1.000000
0.998797 0.010522 -0.047886 0.000000 -0.011605 0.999682 -0.022398 0.145700 0.047635 0.022926 0.998602 0.000000 0.000000 0.000000 0.000000 1.000000
0.997478 0.001687 -0.070963 0.000000 -0.002673 0.999901 -0.013797 0.145700 0.070933 0.013951 0.997384 -0.000000 0.000000 0.000000 0.000000 1.000000
0.997536 -0.006514 -0.069852 -0.000000 0.005496 0.999876 -0.014750 0.145700 0.069939 0.014330 0.997448 0.000000 0.000000 0.000000 0.000000 1.000000
0.998275 -0.009519 -0.057927 0.000000 0.008375 0.999766 -0.019957 0.145700 0.058103 0.019438 0.998121 -0.000000 0.000000 0.000000 0.000000 1.000000
0.998876 -0.006719 -0.046917 0.000000 0.005642 0.999718 -0.023052 0.145700 0.047059 0.022761 0.998633 0.000000 0.000000 0.000000 0.000000 1.000000
0.999306 -0.006400 -0.036692 -0.000000 0.005265 0.999507 -0.030956 0.145700 0.036872 0.030742 0.998847 0.000000 0.000000 0.000000 0.000000 1.000000
0.999643 -0.010424 -0.024598 -0.000000 0.009517 0.999280 -0.036718 0.145700 0.024963 0.036471 0.999023 0.000000 0.000000 0.000000 0.000000 1.000000
0.999778 -0.021062 -0.001149 0.000000 0.021012 0.999226 -0.033261 0.145700 0.001848 0.033229 0.999446 0.000000 0.000000 0.000000 0.000000 1.000000
0.999346 -0.026438 0.024675 0.000000 0.027036 0.999340 -0.024244 0.145700 -0.024018 0.024895 0.999402 0.000000 0.000000 0.000000 0.000000 1.000000
0.998552 -0.014878 0.051693 0.000000 0.015939 0.999669 -0.020170 0.145700 -0.051375 0.020965 0.998459 0.000000 0.000000 0.000000 0.000000 1.000000</float_array><technique_common><accessor source="#mixamorig_Spine2-Matrix-animation-output-transform-array" count="19" stride="16"><param type="float4x4"/></accessor></technique_common></source><source id="mixamorig_Spine2-Interpolations"><Name_array id="mixamorig_Spine2-Interpolations-array" count="19">
 LINEAR LINEAR LINEAR LINEAR LINEAR LINEAR LINEAR LINEAR LINEAR LINEAR LINEAR
LINEAR LINEAR LINEAR LINEAR LINEAR LINEAR LINEAR LINEAR</Name_array><technique_common><accessor source="#mixamorig_Spine2-Interpolations-array" count="19"><param type="name"/></accessor></technique_common></source><sampler id="mixamorig_Spine2-Matrix-animation-transform"><input semantic="INPUT" source="#mixamorig_Spine2-Matrix-animation-input"/><input semantic="OUTPUT" source="#mixamorig_Spine2-Matrix-animation-output-transform"/><input semantic="INTERPOLATION" source="#mixamorig_Spine2-Interpolations"/></sampler><channel source="#mixamorig_Spine2-Matrix-animation-transform" target="mixamorig_Spine2/matrix"/></animation>
    <animation id="mixamorig_Neck-anim" name="mixamorig_Neck"><source id="mixamorig_Neck-Matrix-animation-input"><float_array id="mixamorig_Neck-Matrix-animation-input-array" count="19">

0.000000 0.033333 0.066667 0.100000 0.133333 0.166667 0.200000 0.233333 0.266667 0.300000 0.333333 0.366667 0.400000 0.433333 0.466667 0.500000
0.533333 0.566667 0.600000</float_array><technique_common><accessor source="#mixamorig_Neck-Matrix-animation-input-array" count="19"><param name="TIME" type="float"/></accessor></technique_common></source><source id="mixamorig_Neck-Matrix-animation-output-transform"><float_array id="mixamorig_Neck-Matrix-animation-output-transform-array" count="304">

0.999269 -0.023759 -0.029938 0.000000 0.026005 0.996692 0.076996 0.163900 0.028009 -0.077718 0.996582 -0.000000 0.000000 0.000000 0.000000 1.000000
0.998984 -0.009407 -0.044074 0.000000 0.012883 0.996771 0.079251 0.163900 0.043186 -0.079738 0.995880 0.000000 0.000000 0.000000 0.000000 1.000000
0.998531 0.002917 -0.054104 0.000000 0.001357 0.996890 0.078794 0.163900 0.054165 -0.078751 0.995422 0.000000 0.000000 0.000000 0.000000 1.000000
0.998094 0.000413 -0.061704 0.000000 0.004030 0.997406 0.071868 0.163900 0.061573 -0.071980 0.995504 0.000000 0.000000 0.000000 0.000000 1.000000
0.998121 -0.004475 -0.061110 -0.000000 0.008258 0.998055 0.061795 0.163900 0.060714 -0.062184 0.996216 0.000000 0.000000 0.000000 0.000000 1.000000
0.998259 -0.008017 -0.058439 0.000000 0.011151 0.998506 0.053491 0.163900 0.057923 -0.054050 0.996857 0.000000 0.000000 0.000000 0.000000 1.000000
0.998437 -0.010824 -0.054830 0.000000 0.013513 0.998712 0.048896 0.163900 0.054230 -0.049560 0.997298 -0.000000 0.000000 0.000000 0.000000 1.000000
0.998810 -0.009809 -0.047765 0.000000 0.012334 0.998525 0.052878 0.163900 0.047176 -0.053404 0.997458 0.000000 0.000000 0.000000 0.000000 1.000000
0.999138 -0.013270 -0.039326 -0.000000 0.015683 0.997973 0.061682 0.163900 0.038428 -0.062246 0.997321 0.000000 0.000000 0.000000 0.000000 1.000000
0.999491 -0.020522 -0.024427 -0.000000 0.022011 0.997813 0.062327 0.163900 0.023095 -0.062833 0.997757 0.000000 0.000000 0.000000 0.000000 1.000000
0.999439 -0.032003 -0.009862 0.000000 0.032537 0.997679 0.059821 0.163900 0.007924 -0.060108 0.998160 -0.000000 0.000000 0.000000 0.000000 1.000000
0.999109 -0.042139 -0.002275 -0.000000 0.042200 0.997475 0.057121 0.163900 -0.000137 -0.057166 0.998365 0.000000 0.000000 0.000000 0.000000 1.000000
0.999104 -0.042272 0.001937 0.000000 0.042082 0.997334 0.059614 0.163900 -0.004452 -0.059479 0.998220 0.000000 0.000000 0.000000 0.000000 1.000000
0.999370 -0.035377 0.002727 0.000000 0.035162 0.997725 0.057521 0.163900 -0.004756 -0.057389 0.998341 0.000000 0.000000 0.000000 0.000000 1.000000
0.999648 -0.026548 0.000174 0.000000 0.026501 0.998231 0.053220 0.163900 -0.001586 -0.053196 0.998583 0.000000 0.000000 0.000000 0.000000 1.000000
0.999746 -0.022195 -0.003991 0.000000 0.022383 0.998202 0.055612 0.163900 0.002750 -0.055687 0.998444 -0.000000 0.000000 0.000000 0.000000 1.000000
0.999663 -0.023439 -0.011191 -0.000000 0.024101 0.997713 0.063155 0.163900 0.009685 -0.063404 0.997941 0.000000 0.000000 0.000000 0.000000 1.000000
0.999583 -0.023177 -0.017218 0.000000 0.024340 0.997201 0.070702 0.163900 0.015531 -0.071091 0.997349 0.000000 0.000000 0.000000 0.000000 1.000000
0.999269 -0.023759 -0.029938 -0.000000 0.026005 0.996692 0.076996 0.163900 0.028009 -0.077719 0.996582 0.000000 0.000000 0.000000 0.000000 1.000000</float_array><technique_common><accessor source="#mixamorig_Neck-Matrix-animation-output-transform-array" count="19" stride="16"><param type="float4x4"/></accessor></technique_common></source><source id="mixamorig_Neck-Interpolations"><Name_array id="mixamorig_Neck-Interpolations-array" count="19">
 LINEAR LINEAR LINEAR LINEAR LINEAR LINEAR LINEAR LINEAR LINEAR LINEAR LINEAR
LINEAR LINEAR LINEAR LINEAR LINEAR LINEAR LINEAR LINEAR</Name_array><technique_common><accessor source="#mixamorig_Neck-Interpolations-array" count="19"><param type="name"/></accessor></technique_common></source><sampler id="mixamorig_Neck-Matrix-animation-transform"><input semantic="INPUT" source="#mixamorig_Neck-Matrix-animation-input"/><input semantic="OUTPUT" source="#mixamorig_Neck-Matrix-animation-output-transform"/><input semantic="INTERPOLATION" source="#mixamorig_Neck-Interpolations"/></sampler><channel source="#mixamorig_Neck-Matrix-animation-transform" target="mixamorig_Neck/matrix"/></animation>
    <animation id="mixamorig_Head-anim" name="mixamorig_Head"><source id="mixamorig_Head-Matrix-animation-input"><float_array id="mixamorig_Head-Matrix-animation-input-array" count="19">

0.000000 0.033333 0.066667 0.100000 0.133333 0.166667 0.200000 0.233333 0.266667 0.300000 0.333333 0.366667 0.400000 0.433333 0.466667 0.500000
0.533333 0.566667 0.600000</float_array><technique_common><accessor source="#mixamorig_Head-Matrix-animation-input-array" count="19"><param name="TIME" type="float"/></accessor></technique_common></source><source id="mixamorig_Head-Matrix-animation-output-transform"><float_array id="mixamorig_Head-Matrix-animation-output-transform-array" count="304">

0.994802 0.066506 0.077111 0.000000 -0.092577 0.906072 0.412871 0.074600 -0.042410 -0.417863 0.907520 0.028000 0.000000 0.000000 0.000000 1.000000
0.992724 0.069771 -0.098143 0.000000 -0.026448 0.921464 0.387563 0.074600 0.117476 -0.382147 0.916604 0.028000 0.000000 0.000000 0.000000 1.000000
0.966420 0.049142 -0.252225 -0.000000 0.038823 0.942355 0.332356 0.074600 0.254018 -0.330987 0.908803 0.028000 0.000000 0.000000 0.000000 1.000000
0.943859 0.021736 -0.329632 -0.000000 0.087259 0.945990 0.312231 0.074600 0.318616 -0.323465 0.890985 0.028000 0.000000 0.000000 0.000000 1.000000
0.942962 -0.011473 -0.332702 0.000000 0.119038 0.944948 0.304799 0.074600 0.310890 -0.327018 0.892416 0.028000 0.000000 0.000000 0.000000 1.000000
0.944871 -0.040365 -0.324944 -0.000000 0.155326 0.928868 0.336272 0.074600 0.288257 -0.368206 0.883930 0.028000 0.000000 0.000000 0.000000 1.000000
0.948229 -0.082928 -0.306571 0.000000 0.195755 0.912746 0.358574 0.074600 0.250085 -0.400023 0.881725 0.028000 0.000000 0.000000 0.000000 1.000000
0.950655 -0.132980 -0.280304 0.000000 0.236834 0.894669 0.378783 0.074600 0.200409 -0.426478 0.882017 0.028000 0.000000 0.000000 0.000000 1.000000
0.959102 -0.158915 -0.234240 0.000000 0.242610 0.887817 0.391052 0.074600 0.145818 -0.431888 0.890062 0.028000 0.000000 0.000000 0.000000 1.000000
0.978424 -0.174485 -0.110645 0.000000 0.204841 0.889143 0.409224 0.074600 0.026975 -0.423059 0.905701 0.028000 0.000000 0.000000 0.000000 1.000000
0.981970 -0.180314 0.056761 0.000000 0.146236 0.914858 0.376364 0.074600 -0.119792 -0.361278 0.924732 0.028000 0.000000 0.000000 0.000000 1.000000
0.967212 -0.161862 0.195707 0.000000 0.087161 0.935346 0.342827 0.074600 -0.238544 -0.314529 0.918786 0.028000 0.000000 0.000000 0.000000 1.000000
0.953848 -0.142740 0.264194 0.000000 0.042111 0.934690 0.352961 0.074600 -0.297322 -0.325546 0.897563 0.028000 0.000000 0.000000 0.000000 1.000000
0.956962 -0.102457 0.271527 -0.000000 -0.003021 0.932040 0.362342 0.074600 -0.290199 -0.347568 0.891617 0.028000 0.000000 0.000000 0.000000 1.000000
0.967852 -0.069420 0.241751 -0.000000 -0.031290 0.920459 0.389584 0.074600 -0.249567 -0.384624 0.888696 0.028000 0.000000 0.000000 0.000000 1.000000
0.975894 -0.040467 0.214463 0.000000 -0.051595 0.912027 0.406872 0.074600 -0.212061 -0.408129 0.887953 0.028000 0.000000 0.000000 0.000000 1.000000
0.980280 0.017820 0.196810 0.000000 -0.101682 0.899454 0.425022 0.074600 -0.169447 -0.436653 0.883528 0.028000 0.000000 0.000000 0.000000 1.000000
0.982540 0.060325 0.175999 0.000000 -0.131274 0.895127 0.426045 0.074600 -0.131840 -0.441710 0.887418 0.028000 0.000000 0.000000 0.000000 1.000000
0.994802 0.066506 0.077111 0.000000 -0.092577 0.906072 0.412871 0.074600 -0.042410 -0.417863 0.907520 0.028000 0.000000 0.000000 0.000000 1.000000</float_array><technique_common><accessor source="#mixamorig_Head-Matrix-animation-output-transform-array" count="19" stride="16"><param type="float4x4"/></accessor></technique_common></source><source id="mixamorig_Head-Interpolations"><Name_array id="mixamorig_Head-Interpolations-array" count="19">
 LINEAR LINEAR LINEAR LINEAR LINEAR LINEAR LINEAR LINEAR LINEAR LINEAR LINEAR
LINEAR LINEAR LINEAR LINEAR LINEAR LINEAR LINEAR LINEAR</Name_array><technique_common><accessor source="#mixamorig_Head-Interpolations-array" count="19"><param type="name"/></accessor></technique_common></source><sampler id="mixamorig_Head-Matrix-animation-transform"><input semantic="INPUT" source="#mixamorig_Head-Matrix-animation-input"/><input semantic="OUTPUT" source="#mixamorig_Head-Matrix-animation-output-transform"/><input semantic="INTERPOLATION" source="#mixamorig_Head-Interpolations"/></sampler><channel source="#mixamorig_Head-Matrix-animation-transform" target="mixamorig_Head/matrix"/></animation>
    <animation id="mixamorig_LeftShoulder-anim" name="mixamorig_LeftShoulder"><source id="mixamorig_LeftShoulder-Matrix-animation-input"><float_array id="mixamorig_LeftShoulder-Matrix-animation-input-array" count="19">

0.000000 0.033333 0.066667 0.100000 0.133333 0.166667 0.200000 0.233333 0.266667 0.300000 0.333333 0.366667 0.400000 0.433333 0.466667 0.500000
0.533333 0.566667 0.600000</float_array><technique_common><accessor source="#mixamorig_LeftShoulder-Matrix-animation-input-array" count="19"><param name="TIME" type="float"/></accessor></technique_common></source><source id="mixamorig_LeftShoulder-Matrix-animation-output-transform"><float_array id="mixamorig_LeftShoulder-Matrix-animation-output-transform-array" count="304">

-0.089634 0.929996 -0.356474 0.078800 0.016292 -0.356498 -0.934154 0.143000 -0.995842 -0.089539 0.016803 -0.002400 0.000000 0.000000 0.000000 1.000000
-0.083767 0.943955 -0.319267 0.078800 0.012638 -0.319361 -0.947549 0.143000 -0.996405 -0.083408 0.014822 -0.002400 0.000000 0.000000 0.000000 1.000000
-0.023082 0.950961 -0.308447 0.078800 0.011703 -0.308251 -0.951233 0.143000 -0.999665 -0.025566 -0.004014 -0.002400 0.000000 0.000000 0.000000 1.000000
-0.008231 0.949268 -0.314360 0.078800 0.012019 -0.314254 -0.949263 0.143000 -0.999894 -0.011592 -0.008823 -0.002400 0.000000 0.000000 0.000000 1.000000
-0.018988 0.935714 -0.352249 0.078800 0.014214 -0.352024 -0.935883 0.143000 -0.999719 -0.022777 -0.006616 -0.002400 0.000000 0.000000 0.000000 1.000000
-0.010362 0.913272 -0.407219 0.078800 0.016962 -0.407022 -0.913261 0.143000 -0.999802 -0.016371 -0.011274 -0.002400 0.000000 0.000000 0.000000 1.000000
0.006118 0.889981 -0.455956 0.078800 0.018337 -0.455987 -0.889797 0.143000 -0.999813 -0.002917 -0.019109 -0.002400 0.000000 0.000000 0.000000 1.000000
0.034502 0.865158 -0.500312 0.078800 0.017365 -0.501053 -0.865242 0.143000 -0.999254 0.021165 -0.032311 -0.002400 0.000000 0.000000 0.000000 1.000000
0.101706 0.878745 -0.466329 0.078800 0.010256 -0.469661 -0.882787 0.143000 -0.994762 0.085002 -0.056780 -0.002400 0.000000 0.000000 0.000000 1.000000
0.121207 0.908731 -0.399396 0.078800 0.009605 -0.403418 -0.914966 0.143000 -0.992581 0.107064 -0.057625 -0.002400 0.000000 0.000000 0.000000 1.000000
0.083634 0.933861 -0.347721 0.078800 0.011413 -0.349818 -0.936748 0.143000 -0.996431 0.074375 -0.039915 -0.002400 0.000000 0.000000 0.000000 1.000000
0.024632 0.946809 -0.320853 0.078800 0.011902 -0.321206 -0.946935 0.143000 -0.999626 0.019506 -0.019181 -0.002400 0.000000 0.000000 0.000000 1.000000
-0.018895 0.943361 -0.331230 0.078800 0.012827 -0.331033 -0.943532 0.143000 -0.999739 -0.022077 -0.005846 -0.002400 0.000000 0.000000 0.000000 1.000000
0.009157 0.934490 -0.355873 0.078800 0.013279 -0.355970 -0.934403 0.143000 -0.999870 0.003831 -0.015668 -0.002400 0.000000 0.000000 0.000000 1.000000
0.037332 0.922730 -0.383634 0.078800 0.012978 -0.384317 -0.923110 0.143000 -0.999219 0.029483 -0.026323 -0.002400 0.000000 0.000000 0.000000 1.000000
0.003334 0.910464 -0.413576 0.078800 0.015604 -0.413575 -0.910336 0.143000 -0.999873 -0.003418 -0.015586 -0.002400 0.000000 0.000000 0.000000 1.000000
-0.026847 0.911606 -0.410187 0.078800 0.017206 -0.409852 -0.911990 0.143000 -0.999491 -0.031542 -0.004682 -0.002400 0.000000 0.000000 0.000000 1.000000
-0.059698 0.920866 -0.385281 0.078800 0.017363 -0.384953 -0.922773 0.143000 -0.998065 -0.061777 0.006991 -0.002400 0.000000 0.000000 0.000000 1.000000
-0.089634 0.929995 -0.356475 0.078800 0.016292 -0.356499 -0.934154 0.143000 -0.995842 -0.089539 0.016803 -0.002400 0.000000 0.000000 0.000000 1.000000</float_array><technique_common><accessor source="#mixamorig_LeftShoulder-Matrix-animation-output-transform-array" count="19" stride="16"><param type="float4x4"/></accessor></technique_common></source><source id="mixamorig_LeftShoulder-Interpolations"><Name_array id="mixamorig_LeftShoulder-Interpolations-array" count="19">
 LINEAR LINEAR LINEAR LINEAR LINEAR LINEAR LINEAR LINEAR LINEAR LINEAR LINEAR
LINEAR LINEAR LINEAR LINEAR LINEAR LINEAR LINEAR LINEAR</Name_array><technique_common><accessor source="#mixamorig_LeftShoulder-Interpolations-array" count="19"><param type="name"/></accessor></technique_common></source><sampler id="mixamorig_LeftShoulder-Matrix-animation-transform"><input semantic="INPUT" source="#mixamorig_LeftShoulder-Matrix-animation-input"/><input semantic="OUTPUT" source="#mixamorig_LeftShoulder-Matrix-animation-output-transform"/><input semantic="INTERPOLATION" source="#mixamorig_LeftShoulder-Interpolations"/></sampler><channel source="#mixamorig_LeftShoulder-Matrix-animation-transform" target="mixamorig_LeftShoulder/matrix"/></animation>
    <animation id="mixamorig_LeftArm-anim" name="mixamorig_LeftArm"><source id="mixamorig_LeftArm-Matrix-animation-input"><float_array id="mixamorig_LeftArm-Matrix-animation-input-array" count="19">

0.000000 0.033333 0.066667 0.100000 0.133333 0.166667 0.200000 0.233333 0.266667 0.300000 0.333333 0.366667 0.400000 0.433333 0.466667 0.500000
0.533333 0.566667 0.600000</float_array><technique_common><accessor source="#mixamorig_LeftArm-Matrix-animation-input-array" count="19"><param name="TIME" type="float"/></accessor></technique_common></source><source id="mixamorig_LeftArm-Matrix-animation-output-transform"><float_array id="mixamorig_LeftArm-Matrix-animation-output-transform-array" count="304">

0.687953 0.722482 0.068854 0.000000 -0.412953 0.467695 -0.781493 0.164200 -0.596817 0.509196 0.620103 0.000000 0.000000 0.000000 0.000000 1.000000
0.528905 0.837013 0.140243 0.000000 -0.535861 0.457504 -0.709608 0.164200 -0.658113 0.300165 0.690499 0.000000 0.000000 0.000000 0.000000 1.000000
0.421989 0.876718 0.230847 0.000000 -0.627044 0.466149 -0.624116 0.164200 -0.654783 0.118619 0.746451 -0.000000 0.000000 0.000000 0.000000 1.000000
0.428283 0.852454 0.299825 0.000000 -0.609445 0.517462 -0.600675 0.164200 -0.667196 0.074532 0.741144 -0.000000 0.000000 0.000000 0.000000 1.000000
0.530122 0.798684 0.284737 0.000000 -0.534098 0.575344 -0.619450 0.164200 -0.658567 0.176306 0.731578 0.000000 0.000000 0.000000 0.000000 1.000000
0.720777 0.644478 0.255203 0.000000 -0.391025 0.682036 -0.618002 0.164200 -0.572346 0.345651 0.743603 -0.000000 0.000000 0.000000 0.000000 1.000000
0.920279 0.309374 0.239528 0.000000 -0.111350 0.793967 -0.597677 0.164200 -0.375083 0.523358 0.765120 0.000000 0.000000 0.000000 0.000000 1.000000
0.965082 -0.119040 0.233336 0.000000 0.228290 0.819034 -0.526371 0.164200 -0.128451 0.561260 0.817611 0.000000 0.000000 0.000000 0.000000 1.000000
0.880357 -0.455179 0.133355 0.000000 0.460532 0.753028 -0.469956 0.164200 0.113494 0.475143 0.872558 -0.000000 0.000000 0.000000 0.000000 1.000000
0.813359 -0.581291 -0.023415 0.000000 0.514510 0.737535 -0.437403 0.164200 0.271528 0.343719 0.898961 0.000000 0.000000 0.000000 0.000000 1.000000
0.821276 -0.542800 -0.175710 0.000000 0.442105 0.800141 -0.405362 0.164200 0.360624 0.255232 0.897111 0.000000 0.000000 0.000000 0.000000 1.000000
0.847579 -0.464308 -0.256958 -0.000000 0.356944 0.857125 -0.371387 0.164200 0.392683 0.223060 0.892213 -0.000000 0.000000 0.000000 0.000000 1.000000
0.888452 -0.405031 -0.215877 0.000000 0.311899 0.877863 -0.363423 0.164200 0.336708 0.255553 0.906267 0.000000 0.000000 0.000000 0.000000 1.000000
0.946217 -0.303288 -0.112645 0.000000 0.231616 0.878108 -0.418664 0.164200 0.225891 0.370057 0.901128 -0.000000 0.000000 0.000000 0.000000 1.000000
0.991377 -0.128431 0.026003 0.000000 0.123214 0.846111 -0.518569 0.164200 0.044599 0.517302 0.854640 0.000000 0.000000 0.000000 0.000000 1.000000
0.984959 0.067709 0.158969 0.000000 0.049679 0.770206 -0.635857 0.164200 -0.165492 0.634191 0.755258 0.000000 0.000000 0.000000 0.000000 1.000000
0.956558 0.260579 0.130751 0.000000 -0.064690 0.627005 -0.776324 0.164200 -0.284275 0.734141 0.616624 -0.000000 0.000000 0.000000 0.000000 1.000000
0.860282 0.509158 0.025950 0.000000 -0.271276 0.500261 -0.822282 0.164200 -0.431654 0.700355 0.568488 0.000000 0.000000 0.000000 0.000000 1.000000
0.687953 0.722482 0.068854 -0.000000 -0.412953 0.467695 -0.781493 0.164200 -0.596817 0.509197 0.620103 0.000000 0.000000 0.000000 0.000000 1.000000</float_array><technique_common><accessor source="#mixamorig_LeftArm-Matrix-animation-output-transform-array" count="19" stride="16"><param type="float4x4"/></accessor></technique_common></source><source id="mixamorig_LeftArm-Interpolations"><Name_array id="mixamorig_LeftArm-Interpolations-array" count="19">
 LINEAR LINEAR LINEAR LINEAR LINEAR LINEAR LINEAR LINEAR LINEAR LINEAR LINEAR
LINEAR LINEAR LINEAR LINEAR LINEAR LINEAR LINEAR LINEAR</Name_array><technique_common><accessor source="#mixamorig_LeftArm-Interpolations-array" count="19"><param type="name"/></accessor></technique_common></source><sampler id="mixamorig_LeftArm-Matrix-animation-transform"><input semantic="INPUT" source="#mixamorig_LeftArm-Matrix-animation-input"/><input semantic="OUTPUT" source="#mixamorig_LeftArm-Matrix-animation-output-transform"/><input semantic="INTERPOLATION" source="#mixamorig_LeftArm-Interpolations"/></sampler><channel source="#mixamorig_LeftArm-Matrix-animation-transform" target="mixamorig_LeftArm/matrix"/></animation>
    <animation id="mixamorig_LeftForeArm-anim" name="mixamorig_LeftForeArm"><source id="mixamorig_LeftForeArm-Matrix-animation-input"><float_array id="mixamorig_LeftForeArm-Matrix-animation-input-array" count="19">

0.000000 0.033333 0.066667 0.100000 0.133333 0.166667 0.200000 0.233333 0.266667 0.300000 0.333333 0.366667 0.400000 0.433333 0.466667 0.500000
0.533333 0.566667 0.600000</float_array><technique_common><accessor source="#mixamorig_LeftForeArm-Matrix-animation-input-array" count="19"><param name="TIME" type="float"/></accessor></technique_common></source><source id="mixamorig_LeftForeArm-Matrix-animation-output-transform"><float_array id="mixamorig_LeftForeArm-Matrix-animation-output-transform-array" count="304">

0.417024 -0.908813 -0.012264 0.000000 0.893161 0.412267 -0.179722 0.212200 0.168389 0.063994 0.983641 -0.000000 0.000000 0.000000 0.000000 1.000000
0.283253 -0.958933 0.014653 0.000000 0.942418 0.275477 -0.189633 0.212200 0.177809 0.067524 0.981746 0.000000 0.000000 0.000000 0.000000 1.000000
0.166530 -0.985298 0.038140 0.000000 0.968329 0.156120 -0.194847 0.212200 0.186028 0.069380 0.980092 0.000000 0.000000 0.000000 0.000000 1.000000
0.138936 -0.989337 0.043693 0.000000 0.972298 0.127903 -0.195646 0.212200 0.187971 0.069665 0.979701 -0.000000 0.000000 0.000000 0.000000 1.000000
0.135786 -0.989746 0.044327 0.000000 0.972700 0.124682 -0.195726 0.212200 0.188193 0.069694 0.979656 0.000000 0.000000 0.000000 0.000000 1.000000
0.132084 -0.990213 0.045072 -0.000000 0.973159 0.120896 -0.195819 0.212200 0.188453 0.069726 0.979604 -0.000000 0.000000 0.000000 0.000000 1.000000
0.222264 -0.974615 0.026926 0.000000 0.957829 0.213111 -0.192734 0.212200 0.182103 0.068628 0.980882 0.000000 0.000000 0.000000 0.000000 1.000000
0.306496 -0.951820 0.009977 0.000000 0.935427 0.299244 -0.188226 0.212200 0.176172 0.067023 0.982075 -0.000000 0.000000 0.000000 0.000000 1.000000
0.276468 -0.960890 0.016019 0.000000 0.944341 0.268539 -0.190020 0.212200 0.178287 0.067662 0.981649 0.000000 0.000000 0.000000 0.000000 1.000000
0.119458 -0.991697 0.047612 0.000000 0.974617 0.107985 -0.196112 0.212200 0.189343 0.069831 0.979425 0.000000 0.000000 0.000000 0.000000 1.000000
-0.098245 -0.990954 0.091418 0.000000 0.973888 -0.114631 -0.195965 0.212200 0.204672 0.069779 0.976340 0.000000 0.000000 0.000000 0.000000 1.000000
-0.244964 -0.961959 0.120941 -0.000000 0.945392 -0.264662 -0.190232 0.212200 0.215004 0.067737 0.974261 0.000000 0.000000 0.000000 0.000000 1.000000
-0.273494 -0.953495 0.126682 -0.000000 0.937073 -0.293835 -0.188558 0.212200 0.217013 0.067141 0.973857 -0.000000 0.000000 0.000000 0.000000 1.000000
-0.204951 -0.972240 0.112890 0.000000 0.955496 -0.223745 -0.192265 0.212200 0.212186 0.068461 0.974828 0.000000 0.000000 0.000000 0.000000 1.000000
-0.054642 -0.995080 0.082645 0.000000 0.977942 -0.070044 -0.196782 0.212200 0.201602 0.070069 0.976958 0.000000 0.000000 0.000000 0.000000 1.000000
0.194811 -0.980304 0.032450 0.000000 0.963421 0.185039 -0.193859 0.212200 0.184037 0.069029 0.980493 0.000000 0.000000 0.000000 0.000000 1.000000
0.460111 -0.887614 -0.020934 -0.000000 0.872327 0.456327 -0.175530 0.212200 0.165355 0.062502 0.984252 -0.000000 0.000000 0.000000 0.000000 1.000000
