<?xml version="1.0" encoding="utf-8"?>
<COLLADA xmlns="http://www.collada.org/2005/11/COLLADASchema" version="1.4.1">
  <asset><contributor><author>Mixamo</author><authoring_tool>COLLADA Mixamo exporter</authoring_tool><comments></comments></contributor><created>2017-07-29T14:56:35Z</created><modified>2017-07-29T14:56:35Z</modified><revision></revision><title></title><unit meter="0.010000"/><up_axis>Y_UP</up_axis></asset>
  <library_animations>
    <animation id="mixamorig_Hips-anim" name="mixamorig_Hips"><source id="mixamorig_Hips-Matrix-animation-input"><float_array id="mixamorig_Hips-Matrix-animation-input-array" count="37">

0.000000 0.033333 0.066667 0.100000 0.133333 0.166667 0.200000 0.233333 0.266667 0.300000 0.333333 0.366667 0.400000 0.433333 0.466667 0.500000
0.533333 0.566667 0.600000 0.633333 0.666667 0.700000 0.733333 0.766667 0.800000 0.833333 0.866667 0.900000 0.933333 0.966667 1.000000 1.033333
1.066667 1.100000 1.133333 1.166667 1.200000</float_array><technique_common><accessor source="#mixamorig_Hips-Matrix-animation-input-array" count="37"><param name="TIME" type="float"/></accessor></technique_common></source><source id="mixamorig_Hips-Matrix-animation-output-transform"><float_array id="mixamorig_Hips-Matrix-animation-output-transform-array" count="592">

0.999483 -0.003314 0.031991 0.000480 -0.000753 0.991991 0.126303 1.094268 -0.032154 -0.126262 0.991476 -0.011424 0.000000 0.000000 0.000000 1.000000
0.998383 -0.007807 0.056308 -0.001950 -0.000108 0.990261 0.139221 1.090205 -0.056847 -0.139002 0.988659 -0.000025 0.000000 0.000000 0.000000 1.000000
0.996721 -0.005316 0.080740 -0.003757 -0.007004 0.988427 0.151535 1.082416 -0.080611 -0.151604 0.985149 0.010353 0.000000 0.000000 0.000000 1.000000
0.994668 -0.000161 0.103129 -0.004862 -0.016755 0.986461 0.163141 1.073040 -0.101759 -0.163999 0.981198 0.020151 0.000000 0.000000 0.000000 1.000000
0.992533 0.002178 0.121955 -0.005246 -0.023616 0.984353 0.174618 1.065365 -0.119667 -0.176194 0.977054 0.029305 0.000000 0.000000 0.000000 1.000000
0.990248 -0.000834 0.139313 -0.004638 -0.025212 0.982398 0.185090 1.059731 -0.137016 -0.186797 0.972797 0.036208 0.000000 0.000000 0.000000 1.000000
0.987233 -0.008618 0.159052 -0.002350 -0.022098 0.981470 0.190336 1.055047 -0.157746 -0.191421 0.968749 0.037228 0.000000 0.000000 0.000000 1.000000
0.983342 -0.018980 0.180770 0.002145 -0.015363 0.982296 0.186707 1.052497 -0.181113 -0.186374 0.965641 0.029670 0.000000 0.000000 0.000000 1.000000
0.979339 -0.029885 0.200005 0.008865 -0.005730 0.984523 0.175162 1.051922 -0.202144 -0.172689 0.964010 0.013828 0.000000 0.000000 0.000000 1.000000
0.975871 -0.045054 0.213649 0.016409 0.009906 0.986608 0.162807 1.051381 -0.218123 -0.156762 0.963249 -0.006926 0.000000 0.000000 0.000000 1.000000
0.973305 -0.070377 0.218461 0.022943 0.036080 0.986910 0.157184 1.049007 -0.226664 -0.145106 0.963103 -0.027014 0.000000 0.000000 0.000000 1.000000
0.972185 -0.094960 0.214102 0.028867 0.062600 0.986217 0.153160 1.045357 -0.225695 -0.135497 0.964729 -0.044343 0.000000 0.000000 0.000000 1.000000
0.973852 -0.103092 0.202445 0.034989 0.074846 0.986954 0.142544 1.045620 -0.214499 -0.123665 0.968864 -0.058691 0.000000 0.000000 0.000000 1.000000
0.981137 -0.082221 0.174955 0.042221 0.059295 0.989413 0.132459 1.056522 -0.183994 -0.119587 0.975626 -0.067870 0.000000 0.000000 0.000000 1.000000
0.990944 -0.036033 0.129351 0.050290 0.018827 0.991091 0.131850 1.075383 -0.132949 -0.128220 0.982794 -0.070032 0.000000 0.000000 0.000000 1.000000
0.996372 0.002642 0.085066 0.055950 -0.014247 0.990592 0.136104 1.093005 -0.083906 -0.136822 0.987036 -0.064853 0.000000 0.000000 0.000000 1.000000
0.998377 0.023269 0.051983 0.058346 -0.030371 0.989642 0.140308 1.103656 -0.048179 -0.141659 0.988742 -0.055362 0.000000 0.000000 0.000000 1.000000
0.998868 0.040948 0.024211 0.059446 -0.044075 0.988128 0.147176 1.107981 -0.017897 -0.148077 0.988814 -0.044502 0.000000 0.000000 0.000000 1.000000
0.998405 0.056463 -0.000288 0.059833 -0.055732 0.986271 0.155444 1.107641 0.009060 -0.155180 0.987845 -0.033421 0.000000 0.000000 0.000000 1.000000
0.997736 0.064102 -0.020339 0.059243 -0.059967 0.984900 0.162404 1.103595 0.030442 -0.160817 0.986515 -0.022499 0.000000 0.000000 0.000000 1.000000
0.997372 0.063012 -0.035758 0.058135 -0.056117 0.984046 0.168831 1.096740 0.045825 -0.166380 0.984996 -0.011469 0.000000 0.000000 0.000000 1.000000
0.997233 0.056814 -0.047933 0.057093 -0.047634 0.983471 0.174685 1.089173 0.057065 -0.171919 0.983457 -0.000322 0.000000 0.000000 0.000000 1.000000
0.996865 0.049781 -0.061500 0.056101 -0.038091 0.983213 0.178440 1.081396 0.069351 -0.175538 0.982027 0.009714 0.000000 0.000000 0.000000 1.000000
0.995760 0.044650 -0.080430 0.054912 -0.029774 0.983677 0.177462 1.072679 0.087041 -0.174315 0.980836 0.016308 0.000000 0.000000 0.000000 1.000000
0.993785 0.043279 -0.102563 0.052938 -0.025246 0.984947 0.171002 1.063943 0.108420 -0.167350 0.979918 0.018042 0.000000 0.000000 0.000000 1.000000
0.991392 0.049204 -0.121333 0.050243 -0.029082 0.986304 0.162351 1.057987 0.127659 -0.157425 0.979245 0.015711 0.000000 0.000000 0.000000 1.000000
0.989125 0.064935 -0.131966 0.047394 -0.044688 0.987528 0.150965 1.054092 0.140123 -0.143426 0.979691 0.008653 0.000000 0.000000 0.000000 1.000000
0.986256 0.091232 -0.137749 0.044265 -0.072572 0.988200 0.134886 1.049708 0.148430 -0.123035 0.981239 -0.004648 0.000000 0.000000 0.000000 1.000000
0.981682 0.123946 -0.144700 0.040258 -0.107085 0.987099 0.119033 1.045744 0.157587 -0.101357 0.982290 -0.021867 0.000000 0.000000 0.000000 1.000000
0.976820 0.152867 -0.149845 0.035672 -0.138019 0.984850 0.104984 1.042799 0.163623 -0.081869 0.983120 -0.038765 0.000000 0.000000 0.000000 1.000000
0.975259 0.165638 -0.146405 0.031197 -0.153389 0.983929 0.091403 1.043998 0.159192 -0.066684 0.984993 -0.053135 0.000000 0.000000 0.000000 1.000000
0.979593 0.154405 -0.128675 0.026474 -0.144325 0.985929 0.084342 1.052988 0.139887 -0.064050 0.988094 -0.061949 0.000000 0.000000 0.000000 1.000000
0.986649 0.128233 -0.100399 0.020947 -0.119876 0.989119 0.085278 1.064769 0.110242 -0.072104 0.991286 -0.060927 0.000000 0.000000 0.000000 1.000000
0.993027 0.096553 -0.067640 0.015131 -0.090252 0.991778 0.090725 1.075232 0.075844 -0.083987 0.993576 -0.051621 0.000000 0.000000 0.000000 1.000000
0.997557 0.061700 -0.032769 0.009893 -0.058154 0.993294 0.099921 1.084933 0.038714 -0.097771 0.994456 -0.038868 0.000000 0.000000 0.000000 1.000000
0.999619 0.027557 0.001320 0.005155 -0.027531 0.993288 0.112347 1.092044 0.001784 -0.112340 0.993668 -0.025061 0.000000 0.000000 0.000000 1.000000
0.999483 -0.003314 0.031991 0.000480 -0.000753 0.991991 0.126303 1.094268 -0.032154 -0.126262 0.991476 -0.011424 0.000000 0.000000 0.000000 1.000000</float_array><technique_common><accessor source="#mixamorig_Hips-Matrix-animation-output-transform-array" count="37" stride="16"><param type="float4x4"/></accessor></technique_common></source><source id="mixamorig_Hips-Interpolations"><Name_array id="mixamorig_Hips-Interpolations-array" count="37">
 LINEAR LINEAR LINEAR LINEAR LINEAR LINEAR LINEAR LINEAR LINEAR LINEAR LINEAR
LINEAR LINEAR LINEAR LINEAR LINEAR LINEAR LINEAR LINEAR LINEAR LINEAR LINEAR LINEAR
LINEAR LINEAR LINEAR LINEAR LINEAR LINEAR LINEAR LINEAR LINEAR LINEAR LINEAR LINEAR
LINEAR LINEAR</Name_array><technique_common><accessor source="#mixamorig_Hips-Interpolations-array" count="37"><param type="name"/></accessor></technique_common></source><sampler id="mixamorig_Hips-Matrix-animation-transform"><input semantic="INPUT" source="#mixamorig_Hips-Matrix-animation-input"/><input semantic="OUTPUT" source="#mixamorig_Hips-Matrix-animation-output-transform"/><input semantic="INTERPOLATION" source="#mixamorig_Hips-Interpolations"/></sampler><channel source="#mixamorig_Hips-Matrix-animation-transform" target="mixamorig_Hips/matrix"/></animation>
    <animation id="mixamorig_Spine-anim" name="mixamorig_Spine"><source id="mixamorig_Spine-Matrix-animation-input"><float_array id="mixamorig_Spine-Matrix-animation-input-array" count="37">

0.000000 0.033333 0.066667 0.100000 0.133333 0.166667 0.200000 0.233333 0.266667 0.300000 0.333333 0.366667 0.400000 0.433333 0.466667 0.500000
0.533333 0.566667 0.600000 0.633333 0.666667 0.700000 0.733333 0.766667 0.800000 0.833333 0.866667 0.900000 0.933333 0.966667 1.000000 1.033333
1.066667 1.100000 1.133333 1.166667 1.200000</float_array><technique_common><accessor source="#mixamorig_Spine-Matrix-animation-input-array" count="37"><param name="TIME" type="float"/></accessor></technique_common></source><source id="mixamorig_Spine-Matrix-animation-output-transform"><float_array id="mixamorig_Spine-Matrix-animation-output-transform-array" count="592">

0.996516 -0.012693 0.082433 0.000000 0.028176 0.981479 -0.189484 0.109100 -0.078501 0.191147 0.978417 -0.005700 0.000000 0.000000 0.000000 1.000000
0.997967 -0.019876 0.060555 0.000000 0.030380 0.983591 -0.177838 0.109100 -0.056027 0.179316 0.982195 -0.005700 0.000000 0.000000 0.000000 1.000000
0.998969 -0.035067 0.028828 -0.000000 0.039378 0.985347 -0.165953 0.109100 -0.022586 0.166917 0.985712 -0.005700 0.000000 0.000000 0.000000 1.000000
0.998819 -0.047870 -0.008264 0.000000 0.046010 0.986811 -0.155203 0.109100 0.015584 0.154639 0.987848 -0.005700 0.000000 0.000000 0.000000 1.000000
0.997434 -0.054589 -0.046309 0.000000 0.047191 0.987854 -0.148046 0.109100 0.053828 0.145481 0.987896 -0.005700 0.000000 0.000000 0.000000 1.000000
0.994544 -0.051452 -0.090751 0.000000 0.038035 0.988874 -0.143813 0.109100 0.097141 0.139576 0.985435 -0.005700 0.000000 0.000000 0.000000 1.000000
0.990548 -0.043178 -0.130194 0.000000 0.024061 0.989142 -0.144978 0.109100 0.135040 0.140475 0.980832 -0.005700 0.000000 0.000000 0.000000 1.000000
0.987031 -0.032897 -0.157123 0.000000 0.008466 0.988082 -0.153696 0.109100 0.160306 0.150372 0.975546 -0.005700 0.000000 0.000000 0.000000 1.000000
0.984243 -0.022121 -0.175434 0.000000 -0.007179 0.986326 -0.164648 0.109100 0.176677 0.163313 0.970626 -0.005700 0.000000 0.000000 0.000000 1.000000
0.982411 -0.012353 -0.186323 0.000000 -0.022196 0.983011 -0.182202 0.109100 0.185408 0.183133 0.965446 -0.005700 0.000000 0.000000 0.000000 1.000000
0.979779 0.022362 -0.198831 0.000000 -0.062913 0.977764 -0.200049 0.109100 0.189937 0.208513 0.959399 -0.005700 0.000000 0.000000 0.000000 1.000000
0.977393 0.052967 -0.204688 -0.000000 -0.098125 0.971173 -0.217242 0.109100 0.187281 0.232416 0.954415 -0.005700 0.000000 0.000000 0.000000 1.000000
0.974919 0.074335 -0.209779 -0.000000 -0.121413 0.967600 -0.221382 0.109100 0.186526 0.241299 0.952356 -0.005700 0.000000 0.000000 0.000000 1.000000
0.978620 0.062731 -0.195878 0.000000 -0.107994 0.967230 -0.229788 0.109100 0.175045 0.246029 0.953325 -0.005700 0.000000 0.000000 0.000000 1.000000
0.989474 0.015284 -0.143900 0.000000 -0.051203 0.967056 -0.249361 0.109100 0.135348 0.254105 0.957660 -0.005700 0.000000 0.000000 0.000000 1.000000
0.994592 -0.013754 -0.102949 0.000000 -0.012770 0.967479 -0.252629 0.109100 0.103076 0.252577 0.962071 -0.005700 0.000000 0.000000 0.000000 1.000000
0.997020 -0.023333 -0.073529 0.000000 0.004481 0.969066 -0.246760 0.109100 0.077012 0.245695 0.966283 -0.005700 0.000000 0.000000 0.000000 1.000000
0.998807 -0.027180 -0.040567 0.000000 0.016825 0.971456 -0.236622 0.109100 0.045840 0.235657 0.970755 -0.005700 0.000000 0.000000 0.000000 1.000000
0.999519 -0.029175 -0.010493 0.000000 0.026038 0.973607 -0.226742 0.109100 0.016831 0.226360 0.973898 -0.005700 0.000000 0.000000 0.000000 1.000000
0.999540 -0.023036 0.019704 0.000000 0.026715 0.976597 -0.213413 0.109100 -0.014326 0.213842 0.976763 -0.005700 0.000000 0.000000 0.000000 1.000000
0.998779 -0.010055 0.048363 0.000000 0.019588 0.979414 -0.200907 0.109100 -0.045347 0.201609 0.978416 -0.005700 0.000000 0.000000 0.000000 1.000000
0.996726 0.003685 0.080772 0.000000 0.011571 0.982178 -0.187599 0.109100 -0.080024 0.187919 0.978919 -0.005700 0.000000 0.000000 0.000000 1.000000
0.992731 0.016116 0.119267 -0.000000 0.004824 0.984868 -0.173241 0.109100 -0.120254 0.172557 0.977631 -0.005700 0.000000 0.000000 0.000000 1.000000
0.986007 0.025939 0.164671 0.000000 0.001074 0.986811 -0.161876 0.109100 -0.166698 0.159787 0.972975 -0.005700 0.000000 0.000000 0.000000 1.000000
0.976823 0.031953 0.211649 -0.000000 0.001058 0.988062 -0.154054 0.109100 -0.214045 0.150708 0.965128 -0.005700 0.000000 0.000000 0.000000 1.000000
0.969288 0.029058 0.244204 0.000000 0.008933 0.988179 -0.153042 0.109100 -0.245765 0.150523 0.957571 -0.005700 0.000000 0.000000 0.000000 1.000000
0.962509 0.010899 0.271030 -0.000000 0.031590 0.987889 -0.151910 0.109100 -0.269403 0.154777 0.950508 -0.005700 0.000000 0.000000 0.000000 1.000000
0.956882 -0.022544 0.289599 -0.000000 0.069971 0.985515 -0.154480 0.109100 -0.281922 0.168083 0.944600 -0.005700 0.000000 0.000000 0.000000 1.000000
0.949868 -0.064998 0.305820 0.000000 0.118080 0.980288 -0.158406 0.109100 -0.289496 0.186576 0.938819 -0.005700 0.000000 0.000000 0.000000 1.000000
0.944404 -0.103485 0.312077 -0.000000 0.160110 0.973778 -0.161618 0.109100 -0.287169 0.202599 0.936209 -0.005700 0.000000 0.000000 0.000000 1.000000
0.938721 -0.135328 0.317001 0.000000 0.193713 0.967847 -0.160458 0.109100 -0.285094 0.212032 0.934753 -0.005700 0.000000 0.000000 0.000000 1.000000
0.946220 -0.129533 0.296460 0.000000 0.187648 0.966201 -0.176758 0.109100 -0.263544 0.222882 0.938546 -0.005700 0.000000 0.000000 0.000000 1.000000
0.963214 -0.103637 0.247946 -0.000000 0.153769 0.969226 -0.192240 0.109100 -0.220393 0.223294 0.949509 -0.005700 0.000000 0.000000 0.000000 1.000000
0.976558 -0.073857 0.202187 -0.000000 0.114257 0.973904 -0.196101 0.109100 -0.182428 0.214606 0.959513 -0.005700 0.000000 0.000000 0.000000 1.000000
0.984860 -0.051370 0.165566 0.000000 0.083583 0.977451 -0.193918 0.109100 -0.151871 0.204821 0.966946 -0.005700 0.000000 0.000000 0.000000 1.000000
0.991874 -0.030147 0.123601 0.000000 0.053702 0.979937 -0.191938 0.109100 -0.115334 0.197016 0.973593 -0.005700 0.000000 0.000000 0.000000 1.000000
0.996516 -0.012693 0.082432 -0.000000 0.028176 0.981479 -0.189484 0.109100 -0.078501 0.191147 0.978417 -0.005700 0.000000 0.000000 0.000000 1.000000</float_array><technique_common><accessor source="#mixamorig_Spine-Matrix-animation-output-transform-array" count="37" stride="16"><param type="float4x4"/></accessor></technique_common></source><source id="mixamorig_Spine-Interpolations"><Name_array id="mixamorig_Spine-Interpolations-array" count="37">
 LINEAR LINEAR LINEAR LINEAR LINEAR LINEAR LINEAR LINEAR LINEAR LINEAR LINEAR
LINEAR LINEAR LINEAR LINEAR LINEAR LINEAR LINEAR LINEAR LINEAR LINEAR LINEAR LINEAR
LINEAR LINEAR LINEAR LINEAR LINEAR LINEAR LINEAR LINEAR LINEAR LINEAR LINEAR LINEAR
LINEAR LINEAR</Name_array><technique_common><accessor source="#mixamorig_Spine-Interpolations-array" count="37"><param type="name"/></accessor></technique_common></source><sampler id="mixamorig_Spine-Matrix-animation-transform"><input semantic="INPUT" source="#mixamorig_Spine-Matrix-animation-input"/><input semantic="OUTPUT" source="#mixamorig_Spine-Matrix-animation-output-transform"/><input semantic="INTERPOLATION" source="#mixamorig_Spine-Interpolations"/></sampler><channel source="#mixamorig_Spine-Matrix-animation-transform" target="mixamorig_Spine/matrix"/></animation>
    <animation id="mixamorig_Spine1-anim" name="mixamorig_Spine1"><source id="mixamorig_Spine1-Matrix-animation-input"><float_array id="mixamorig_Spine1-Matrix-animation-input-array" count="37">

0.000000 0.033333 0.066667 0.100000 0.133333 0.166667 0.200000 0.233333 0.266667 0.300000 0.333333 0.366667 0.400000 0.433333 0.466667 0.500000
0.533333 0.566667 0.600000 0.633333 0.666667 0.700000 0.733333 0.766667 0.800000 0.833333 0.866667 0.900000 0.933333 0.966667 1.000000 1.033333
1.066667 1.100000 1.133333 1.166667 1.200000</float_array><technique_common><accessor source="#mixamorig_Spine1-Matrix-animation-input-array" count="37"><param name="TIME" type="float"/></accessor></technique_common></source><source id="mixamorig_Spine1-Matrix-animation-output-transform"><float_array id="mixamorig_Spine1-Matrix-animation-output-transform-array" count="592">

0.999582 0.008352 0.027690 0.000000 -0.004464 0.990478 -0.137596 0.127500 -0.028576 0.137415 0.990101 0.000000 0.000000 0.000000 0.000000 1.000000
0.999719 0.007169 0.022576 0.000000 -0.004016 0.990597 -0.136753 0.127500 -0.023344 0.136624 0.990348 -0.000000 0.000000 0.000000 0.000000 1.000000
0.999875 0.004207 0.015232 0.000000 -0.002088 0.990634 -0.136528 0.127500 -0.015663 0.136480 0.990519 0.000000 0.000000 0.000000 0.000000 1.000000
0.999976 0.001577 0.006801 0.000000 -0.000634 0.990641 -0.136493 0.127500 -0.006953 0.136485 0.990618 0.000000 0.000000 0.000000 0.000000 1.000000
0.999999 -0.000453 -0.001431 0.000000 0.000253 0.990553 -0.137131 0.127500 0.001479 0.137130 0.990552 0.000000 0.000000 0.000000 0.000000 1.000000
0.999942 -0.001437 -0.010715 -0.000000 -0.000058 0.990402 -0.138220 0.127500 0.010811 0.138212 0.990344 0.000000 0.000000 0.000000 0.000000 1.000000
0.999816 -0.001736 -0.019090 0.000000 -0.000942 0.990238 -0.139385 0.127500 0.019146 0.139377 0.990054 0.000000 0.000000 0.000000 0.000000 1.000000
0.999691 -0.000941 -0.024836 0.000000 -0.002551 0.990124 -0.140173 0.127500 0.024722 0.140193 0.989816 0.000000 0.000000 0.000000 0.000000 1.000000
0.999602 -0.000224 -0.028211 0.000000 -0.003717 0.990206 -0.139566 0.127500 0.027966 0.139616 0.989811 0.000000 0.000000 0.000000 0.000000 1.000000
0.999584 -0.002226 -0.028741 0.000000 -0.001781 0.990340 -0.138649 0.127500 0.028772 0.138643 0.989924 0.000000 0.000000 0.000000 0.000000 1.000000
0.999631 -0.007636 -0.026074 0.000000 0.003883 0.989996 -0.141043 0.127500 0.026890 0.140889 0.989660 0.000000 0.000000 0.000000 0.000000 1.000000
0.999701 -0.011085 -0.021779 0.000000 0.007856 0.989678 -0.143092 0.127500 0.023140 0.142879 0.989470 0.000000 0.000000 0.000000 0.000000 1.000000
0.999746 -0.013415 -0.018133 0.000000 0.010687 0.989676 -0.142925 0.127500 0.019863 0.142695 0.989567 0.000000 0.000000 0.000000 0.000000 1.000000
0.999785 -0.013897 -0.015385 0.000000 0.011567 0.989746 -0.142370 0.127500 0.017206 0.142162 0.989694 0.000000 0.000000 0.000000 0.000000 1.000000
0.999888 -0.010475 -0.010680 -0.000000 0.008849 0.989776 -0.142353 0.127500 0.012062 0.142243 0.989758 0.000000 0.000000 0.000000 0.000000 1.000000
0.999955 -0.007444 -0.005879 0.000000 0.006532 0.989817 -0.142199 0.127500 0.006878 0.142154 0.989821 0.000000 0.000000 0.000000 0.000000 1.000000
0.999972 -0.007520 -0.000348 -0.000000 0.007395 0.989935 -0.141333 0.127500 0.001408 0.141326 0.989962 -0.000000 0.000000 0.000000 0.000000 1.000000
0.999952 -0.007473 0.006379 0.000000 0.008292 0.990122 -0.139965 0.127500 -0.005270 0.140012 0.990136 -0.000000 0.000000 0.000000 0.000000 1.000000
0.999883 -0.008344 0.012821 -0.000000 0.010049 0.990197 -0.139314 0.127500 -0.011533 0.139427 0.990165 -0.000000 0.000000 0.000000 0.000000 1.000000
0.999775 -0.008002 0.019652 -0.000000 0.010639 0.990378 -0.137981 0.127500 -0.018358 0.138159 0.990240 0.000000 0.000000 0.000000 0.000000 1.000000
0.999633 -0.006231 0.026346 0.000000 0.009809 0.990394 -0.137929 0.127500 -0.025234 0.138137 0.990092 0.000000 0.000000 0.000000 0.000000 1.000000
0.999424 -0.003501 0.033756 0.000000 0.008145 0.990338 -0.138438 0.127500 -0.032945 0.138634 0.989796 -0.000000 0.000000 0.000000 0.000000 1.000000
0.999111 -0.000020 0.042152 0.000000 0.005850 0.990388 -0.138192 0.127500 -0.041744 0.138316 0.989508 0.000000 0.000000 0.000000 0.000000 1.000000
0.998641 0.003021 0.052025 0.000000 0.004129 0.990593 -0.136776 0.127500 -0.051948 0.136805 0.989235 0.000000 0.000000 0.000000 0.000000 1.000000
0.998065 0.004615 0.062014 0.000000 0.003740 0.990982 -0.133943 0.127500 -0.062073 0.133915 0.989047 -0.000000 0.000000 0.000000 0.000000 1.000000
0.997610 0.006141 0.068828 -0.000000 0.003021 0.991216 -0.132221 0.127500 -0.069035 0.132113 0.988828 0.000000 0.000000 0.000000 0.000000 1.000000
0.997218 0.006465 0.074255 0.000000 0.003353 0.991333 -0.131330 0.127500 -0.074460 0.131213 0.988554 0.000000 0.000000 0.000000 0.000000 1.000000
0.997032 0.005343 0.076807 -0.000000 0.004861 0.991230 -0.132055 0.127500 -0.076839 0.132037 0.988262 -0.000000 0.000000 0.000000 0.000000 1.000000
0.997109 0.007123 0.075646 0.000000 0.003087 0.990976 -0.134001 0.127500 -0.075918 0.133847 0.988090 -0.000000 0.000000 0.000000 0.000000 1.000000
0.997390 0.009473 0.071576 0.000000 0.000174 0.991036 -0.133591 0.127500 -0.072200 0.133255 0.988448 0.000000 0.000000 0.000000 0.000000 1.000000
0.997658 0.012605 0.067224 0.000000 -0.003518 0.991027 -0.133613 0.127500 -0.068305 0.133064 0.988751 0.000000 0.000000 0.000000 0.000000 1.000000
0.998026 0.013150 0.061407 0.000000 -0.004787 0.990915 -0.134401 0.127500 -0.062616 0.133842 0.989023 0.000000 0.000000 0.000000 0.000000 1.000000
0.998102 0.003981 0.061453 0.000000 0.004142 0.991308 -0.131496 0.127500 -0.061443 0.131501 0.989410 0.000000 0.000000 0.000000 0.000000 1.000000
0.998224 -0.002547 0.059523 0.000000 0.010251 0.991527 -0.129492 0.127500 -0.058688 0.129872 0.989792 0.000000 0.000000 0.000000 0.000000 1.000000
0.998706 0.000877 0.050845 0.000000 0.005825 0.991296 -0.131522 0.127500 -0.050517 0.131648 0.990008 0.000000 0.000000 0.000000 0.000000 1.000000
0.999204 0.004900 0.039577 0.000000 0.000463 0.990930 -0.134381 0.127500 -0.039877 0.134293 0.990139 0.000000 0.000000 0.000000 0.000000 1.000000
0.999582 0.008352 0.027690 0.000000 -0.004464 0.990478 -0.137596 0.127500 -0.028576 0.137415 0.990101 -0.000000 0.000000 0.000000 0.000000 1.000000</float_array><technique_common><accessor source="#mixamorig_Spine1-Matrix-animation-output-transform-array" count="37" stride="16"><param type="float4x4"/></accessor></technique_common></source><source id="mixamorig_Spine1-Interpolations"><Name_array id="mixamorig_Spine1-Interpolations-array" count="37">
 LINEAR LINEAR LINEAR LINEAR LINEAR LINEAR LINEAR LINEAR LINEAR LINEAR LINEAR
LINEAR LINEAR LINEAR LINEAR LINEAR LINEAR LINEAR LINEAR LINEAR LINEAR LINEAR LINEAR
LINEAR LINEAR LINEAR LINEAR LINEAR LINEAR LINEAR LINEAR LINEAR LINEAR LINEAR LINEAR
LINEAR LINEAR</Name_array><technique_common><accessor source="#mixamorig_Spine1-Interpolations-array" count="37"><param type="name"/></accessor></technique_common></source><sampler id="mixamorig_Spine1-Matrix-animation-transform"><input semantic="INPUT" source="#mixamorig_Spine1-Matrix-animation-input"/><input semantic="OUTPUT" source="#mixamorig_Spine1-Matrix-animation-output-transform"/><input semantic="INTERPOLATION" source="#mixamorig_Spine1-Interpolations"/></sampler><channel source="#mixamorig_Spine1-Matrix-animation-transform" target="mixamorig_Spine1/matrix"/></animation>
    <animation id="mixamorig_Spine2-anim" name="mixamorig_Spine2"><source id="mixamorig_Spine2-Matrix-animation-input"><float_array id="mixamorig_Spine2-Matrix-animation-input-array" count="37">

0.000000 0.033333 0.066667 0.100000 0.133333 0.166667 0.200000 0.233333 0.266667 0.300000 0.333333 0.366667 0.400000 0.433333 0.466667 0.500000
0.533333 0.566667 0.600000 0.633333 0.666667 0.700000 0.733333 0.766667 0.800000 0.833333 0.866667 0.900000 0.933333 0.966667 1.000000 1.033333
1.066667 1.100000 1.133333 1.166667 1.200000</float_array><technique_common><accessor source="#mixamorig_Spine2-Matrix-animation-input-array" count="37"><param name="TIME" type="float"/></accessor></technique_common></source><source id="mixamorig_Spine2-Matrix-animation-output-transform"><float_array id="mixamorig_Spine2-Matrix-animation-output-transform-array" count="592">

0.999514 0.005769 0.030628 0.000000 -0.001591 0.990883 -0.134718 0.145700 -0.031126 0.134603 0.990411 0.000000 0.000000 0.000000 0.000000 1.000000
0.999665 0.004550 0.025488 0.000000 -0.001098 0.991001 -0.133852 0.145700 -0.025868 0.133779 0.990673 0.000000 0.000000 0.000000 0.000000 1.000000
0.999834 0.001553 0.018177 0.000000 0.000889 0.991038 -0.133581 0.145700 -0.018222 0.133575 0.990871 -0.000000 0.000000 0.000000 0.000000 1.000000
0.999952 -0.001086 0.009742 -0.000000 0.002377 0.991046 -0.133498 0.145700 -0.009510 0.133515 0.991001 0.000000 0.000000 0.000000 0.000000 1.000000
0.999994 -0.003098 0.001492 -0.000000 0.003270 0.990963 -0.134094 0.145700 -0.001063 0.134099 0.990967 -0.000000 0.000000 0.000000 0.000000 1.000000
0.999961 -0.004042 -0.007808 0.000000 0.002949 0.990819 -0.135160 0.145700 0.008283 0.135132 0.990793 0.000000 0.000000 0.000000 0.000000 1.000000
0.999860 -0.004304 -0.016189 0.000000 0.002057 0.990661 -0.136333 0.145700 0.016624 0.136280 0.990531 -0.000000 0.000000 0.000000 0.000000 1.000000
0.999754 -0.003519 -0.021916 0.000000 0.000480 0.990550 -0.137150 0.145700 0.022191 0.137106 0.990308 0.000000 0.000000 0.000000 0.000000 1.000000
0.999681 -0.002872 -0.025111 0.000000 -0.000586 0.990623 -0.136624 0.145700 0.025268 0.136595 0.990305 0.000000 0.000000 0.000000 0.000000 1.000000
0.999668 -0.004978 -0.025277 0.000000 0.001499 0.990728 -0.135855 0.145700 0.025719 0.135772 0.990406 0.000000 0.000000 0.000000 0.000000 1.000000
0.999701 -0.010407 -0.022115 -0.000000 0.007246 0.990336 -0.138500 0.145700 0.023343 0.138299 0.990115 0.000000 0.000000 0.000000 0.000000 1.000000
0.999756 -0.013819 -0.017232 0.000000 0.011259 0.989987 -0.140709 0.145700 0.019004 0.140481 0.989901 0.000000 0.000000 0.000000 0.000000 1.000000
0.999786 -0.016062 -0.013060 0.000000 0.014067 0.989963 -0.140628 0.145700 0.015187 0.140414 0.989976 0.000000 0.000000 0.000000 0.000000 1.000000
0.999815 -0.016481 -0.009949 0.000000 0.014926 0.990036 -0.140024 0.145700 0.012158 0.139849 0.990098 0.000000 0.000000 0.000000 0.000000 1.000000
0.999903 -0.012980 -0.005052 -0.000000 0.012146 0.990111 -0.139763 0.145700 0.006816 0.139688 0.990172 0.000000 0.000000 0.000000 0.000000 1.000000
0.999952 -0.009835 -0.000130 0.000000 0.009721 0.990187 -0.139413 0.145700 0.001500 0.139405 0.990234 -0.000000 0.000000 0.000000 0.000000 1.000000
0.999937 -0.009791 0.005543 0.000000 0.010464 0.990322 -0.138397 0.145700 -0.004135 0.138446 0.990361 -0.000000 0.000000 0.000000 0.000000 1.000000
0.999877 -0.009630 0.012406 -0.000000 0.011238 0.990527 -0.136861 0.145700 -0.010971 0.136984 0.990513 0.000000 0.000000 0.000000 0.000000 1.000000
0.999766 -0.010409 0.018977 0.000000 0.012896 0.990618 -0.136048 0.145700 -0.017383 0.136261 0.990520 0.000000 0.000000 0.000000 0.000000 1.000000
0.999615 -0.009997 0.025896 -0.000000 0.013394 0.990818 -0.134537 0.145700 -0.024313 0.134832 0.990570 0.000000 0.000000 0.000000 0.000000 1.000000
0.999434 -0.008173 0.032647 0.000000 0.012490 0.990861 -0.134305 0.145700 -0.031251 0.134637 0.990402 0.000000 0.000000 0.000000 0.000000 1.000000
0.999181 -0.005402 0.040100 0.000000 0.010759 0.990840 -0.134612 0.145700 -0.039006 0.134933 0.990087 0.000000 0.000000 0.000000 0.000000 1.000000
0.998823 -0.001908 0.048475 0.000000 0.008404 0.990925 -0.134151 0.145700 -0.047779 0.134401 0.989775 0.000000 0.000000 0.000000 0.000000 1.000000
0.998298 0.001157 0.058312 -0.000000 0.006590 0.991163 -0.132484 0.145700 -0.057950 0.132643 0.989468 0.000000 0.000000 0.000000 0.000000 1.000000
0.997666 0.002809 0.068229 -0.000000 0.006058 0.991573 -0.129408 0.145700 -0.068017 0.129520 0.989241 0.000000 0.000000 0.000000 0.000000 1.000000
0.997180 0.004374 0.074925 -0.000000 0.005236 0.991812 -0.127596 0.145700 -0.074869 0.127628 0.988992 -0.000000 0.000000 0.000000 0.000000 1.000000
0.996768 0.004752 0.080190 -0.000000 0.005469 0.991919 -0.126756 0.145700 -0.080144 0.126785 0.988687 0.000000 0.000000 0.000000 0.000000 1.000000
0.996574 0.003691 0.082623 0.000000 0.006909 0.991796 -0.127642 0.145700 -0.082416 0.127775 0.988373 -0.000000 0.000000 0.000000 0.000000 1.000000
0.996685 0.005502 0.081173 -0.000000 0.005115 0.991498 -0.130020 0.145700 -0.081198 0.130004 0.988183 0.000000 0.000000 0.000000 0.000000 1.000000
0.997035 0.008092 0.076528 0.000000 0.001944 0.991490 -0.130168 0.145700 -0.076930 0.129931 0.988534 0.000000 0.000000 0.000000 0.000000 1.000000
0.997376 0.011284 0.071518 -0.000000 -0.001847 0.991423 -0.130677 0.145700 -0.072379 0.130202 0.988842 0.000000 0.000000 0.000000 0.000000 1.000000
0.997805 0.011621 0.065200 0.000000 -0.002939 0.991285 -0.131702 0.145700 -0.066162 0.131221 0.989143 0.000000 0.000000 0.000000 0.000000 1.000000
0.997832 0.003639 0.065705 -0.000000 0.004829 0.991728 -0.128263 0.145700 -0.065628 0.128303 0.989561 0.000000 0.000000 0.000000 0.000000 1.000000
0.997942 -0.002316 0.064088 0.000000 0.010393 0.991977 -0.125991 0.145700 -0.063282 0.126397 0.989959 0.000000 0.000000 0.000000 0.000000 1.000000
0.998501 0.000355 0.054728 0.000000 0.006680 0.991713 -0.128299 0.145700 -0.054320 0.128472 0.990224 0.000000 0.000000 0.000000 0.000000 1.000000
0.999072 0.003366 0.042937 0.000000 0.002306 0.991332 -0.131361 0.145700 -0.043007 0.131338 0.990404 -0.000000 0.000000 0.000000 0.000000 1.000000
0.999514 0.005769 0.030628 0.000000 -0.001591 0.990883 -0.134718 0.145700 -0.031126 0.134603 0.990411 -0.000000 0.000000 0.000000 0.000000 1.000000</float_array><technique_common><accessor source="#mixamorig_Spine2-Matrix-animation-output-transform-array" count="37" stride="16"><param type="float4x4"/></accessor></technique_common></source><source id="mixamorig_Spine2-Interpolations"><Name_array id="mixamorig_Spine2-Interpolations-array" count="37">
 LINEAR LINEAR LINEAR LINEAR LINEAR LINEAR LINEAR LINEAR LINEAR LINEAR LINEAR
LINEAR LINEAR LINEAR LINEAR LINEAR LINEAR LINEAR LINEAR LINEAR LINEAR LINEAR LINEAR
LINEAR LINEAR LINEAR LINEAR LINEAR LINEAR LINEAR LINEAR LINEAR LINEAR LINEAR LINEAR
LINEAR LINEAR</Name_array><technique_common><accessor source="#mixamorig_Spine2-Interpolations-array" count="37"><param type="name"/></accessor></technique_common></source><sampler id="mixamorig_Spine2-Matrix-animation-transform"><input semantic="INPUT" source="#mixamorig_Spine2-Matrix-animation-input"/><input semantic="OUTPUT" source="#mixamorig_Spine2-Matrix-animation-output-transform"/><input semantic="INTERPOLATION" source="#mixamorig_Spine2-Interpolations"/></sampler><channel source="#mixamorig_Spine2-Matrix-animation-transform" target="mixamorig_Spine2/matrix"/></animation>
    <animation id="mixamorig_Neck-anim" name="mixamorig_Neck"><source id="mixamorig_Neck-Matrix-animation-input"><float_array id="mixamorig_Neck-Matrix-animation-input-array" count="37">

0.000000 0.033333 0.066667 0.100000 0.133333 0.166667 0.200000 0.233333 0.266667 0.300000 0.333333 0.366667 0.400000 0.433333 0.466667 0.500000
0.533333 0.566667 0.600000 0.633333 0.666667 0.700000 0.733333 0.766667 0.800000 0.833333 0.866667 0.900000 0.933333 0.966667 1.000000 1.033333
1.066667 1.100000 1.133333 1.166667 1.200000</float_array><technique_common><accessor source="#mixamorig_Neck-Matrix-animation-input-array" count="37"><param name="TIME" type="float"/></accessor></technique_common></source><source id="mixamorig_Neck-Matrix-animation-output-transform"><float_array id="mixamorig_Neck-Matrix-animation-output-transform-array" count="592">

0.999855 -0.005495 -0.016093 0.000000 0.004921 0.999359 -0.035460 0.163900 0.016277 0.035376 0.999242 0.000000 0.000000 0.000000 0.000000 1.000000
0.999910 -0.003608 -0.012916 0.000000 0.003133 0.999325 -0.036595 0.163900 0.013040 0.036552 0.999247 0.000000 0.000000 0.000000 0.000000 1.000000
0.999963 -0.001095 -0.008561 0.000000 0.000770 0.999281 -0.037911 0.163900 0.008596 0.037903 0.999244 0.000000 0.000000 0.000000 0.000000 1.000000
0.999996 0.000479 -0.002722 0.000000 -0.000581 0.999294 -0.037573 0.163900 0.002702 0.037575 0.999290 0.000000 0.000000 0.000000 0.000000 1.000000
0.999992 0.002055 0.003289 0.000000 -0.001924 0.999228 -0.039249 0.163900 -0.003368 0.039242 0.999224 -0.000000 0.000000 0.000000 0.000000 1.000000
0.999951 0.002589 0.009531 -0.000000 -0.002196 0.999158 -0.040968 0.163900 -0.009629 0.040945 0.999115 0.000000 0.000000 0.000000 0.000000 1.000000
0.999874 0.004643 0.015164 0.000000 -0.004017 0.999150 -0.041024 0.163900 -0.015341 0.040958 0.999043 0.000000 0.000000 0.000000 0.000000 1.000000
0.999790 0.007699 0.019012 0.000000 -0.006959 0.999228 -0.038675 0.163900 -0.019295 0.038535 0.999071 0.000000 0.000000 0.000000 0.000000 1.000000
0.999731 0.008994 0.021364 0.000000 -0.008269 0.999395 -0.033793 0.163900 -0.021655 0.033607 0.999200 0.000000 0.000000 0.000000 0.000000 1.000000
0.999661 0.011773 0.023217 0.000000 -0.011132 0.999558 -0.027572 0.163900 -0.023531 0.027304 0.999350 0.000000 0.000000 0.000000 0.000000 1.000000
0.999575 0.015223 0.024877 0.000000 -0.014654 0.999631 -0.022866 0.163900 -0.025216 0.022492 0.999429 0.000000 0.000000 0.000000 0.000000 1.000000
0.999533 0.016473 0.025751 -0.000000 -0.015943 0.999660 -0.020655 0.163900 -0.026082 0.020234 0.999455 -0.000000 0.000000 0.000000 0.000000 1.000000
0.999536 0.014877 0.026588 0.000000 -0.014317 0.999674 -0.021124 0.163900 -0.026894 0.020733 0.999423 0.000000 0.000000 0.000000 0.000000 1.000000
0.999513 0.014669 0.027555 0.000000 -0.014083 0.999673 -0.021339 0.163900 -0.027859 0.020940 0.999392 -0.000000 0.000000 0.000000 0.000000 1.000000
0.999519 0.015488 0.026865 -0.000000 -0.014913 0.999658 -0.021480 0.163900 -0.027188 0.021069 0.999408 0.000000 0.000000 0.000000 0.000000 1.000000
0.999569 0.014614 0.025468 -0.000000 -0.014003 0.999614 -0.024007 0.163900 -0.025809 0.023640 0.999387 0.000000 0.000000 0.000000 0.000000 1.000000
0.999655 0.012773 0.022955 0.000000 -0.012151 0.999561 -0.027032 0.163900 -0.023290 0.026743 0.999371 0.000000 0.000000 0.000000 0.000000 1.000000
0.999787 0.008882 0.018654 0.000000 -0.008293 0.999471 -0.031444 0.163900 -0.018923 0.031283 0.999331 0.000000 0.000000 0.000000 0.000000 1.000000
0.999868 0.007223 0.014521 -0.000000 -0.006730 0.999407 -0.033763 0.163900 -0.014756 0.033661 0.999324 -0.000000 0.000000 0.000000 0.000000 1.000000
0.999949 0.004521 0.009045 0.000000 -0.004180 0.999290 -0.037450 0.163900 -0.009207 0.037410 0.999258 0.000000 0.000000 0.000000 0.000000 1.000000
0.999992 0.002638 0.002974 -0.000000 -0.002519 0.999225 -0.039276 0.163900 -0.003075 0.039269 0.999224 -0.000000 0.000000 0.000000 0.000000 1.000000
0.999990 0.002736 -0.003648 0.000000 -0.002883 0.999152 -0.041071 0.163900 0.003533 0.041081 0.999150 0.000000 0.000000 0.000000 0.000000 1.000000
0.999933 0.002711 -0.011241 0.000000 -0.003210 0.998998 -0.044650 0.163900 0.011109 0.044684 0.998939 0.000000 0.000000 0.000000 0.000000 1.000000
0.999812 0.002702 -0.019207 0.000000 -0.003611 0.998868 -0.047429 0.163900 0.019057 0.047489 0.998690 0.000000 0.000000 0.000000 0.000000 1.000000
0.999643 0.002408 -0.026600 0.000000 -0.003692 0.998824 -0.048347 0.163900 0.026453 0.048428 0.998476 0.000000 0.000000 0.000000 0.000000 1.000000
0.999475 0.000610 -0.032399 0.000000 -0.002129 0.998898 -0.046881 0.163900 0.032334 0.046925 0.998375 0.000000 0.000000 0.000000 0.000000 1.000000
0.999317 -0.000909 -0.036944 0.000000 -0.000763 0.998977 -0.045223 0.163900 0.036948 0.045220 0.998294 0.000000 0.000000 0.000000 0.000000 1.000000
0.999207 -0.002701 -0.039718 0.000000 0.001041 0.999127 -0.041756 0.163900 0.039796 0.041682 0.998338 -0.000000 0.000000 0.000000 0.000000 1.000000
0.999178 -0.005644 -0.040152 0.000000 0.004129 0.999280 -0.037711 0.163900 0.040336 0.037514 0.998482 0.000000 0.000000 0.000000 0.000000 1.000000
0.999227 -0.007453 -0.038588 0.000000 0.006164 0.999422 -0.033420 0.163900 0.038815 0.033156 0.998696 -0.000000 0.000000 0.000000 0.000000 1.000000
0.999325 -0.007006 -0.036065 0.000000 0.005948 0.999551 -0.029379 0.163900 0.036255 0.029145 0.998917 0.000000 0.000000 0.000000 0.000000 1.000000
0.999433 -0.008027 -0.032684 0.000000 0.007194 0.999648 -0.025549 0.163900 0.032878 0.025300 0.999139 0.000000 0.000000 0.000000 0.000000 1.000000
0.999483 -0.007802 -0.031200 0.000000 0.006938 0.999592 -0.027722 0.163900 0.031404 0.027491 0.999129 0.000000 0.000000 0.000000 0.000000 1.000000
0.999568 -0.008206 -0.028231 0.000000 0.007330 0.999492 -0.031011 0.163900 0.028471 0.030791 0.999120 0.000000 0.000000 0.000000 0.000000 1.000000
0.999681 -0.008488 -0.023790 0.000000 0.007665 0.999376 -0.034480 0.163900 0.024068 0.034286 0.999122 -0.000000 0.000000 0.000000 0.000000 1.000000
0.999772 -0.007405 -0.020031 0.000000 0.006699 0.999362 -0.035075 0.163900 0.020278 0.034933 0.999184 0.000000 0.000000 0.000000 0.000000 1.000000
0.999855 -0.005495 -0.016093 0.000000 0.004921 0.999359 -0.035460 0.163900 0.016277 0.035376 0.999242 0.000000 0.000000 0.000000 0.000000 1.000000</float_array><technique_common><accessor source="#mixamorig_Neck-Matrix-animation-output-transform-array" count="37" stride="16"><param type="float4x4"/></accessor></technique_common></source><source id="mixamorig_Neck-Interpolations"><Name_array id="mixamorig_Neck-Interpolations-array" count="37">
 LINEAR LINEAR LINEAR LINEAR LINEAR LINEAR LINEAR LINEAR LINEAR LINEAR LINEAR
LINEAR LINEAR LINEAR LINEAR LINEAR LINEAR LINEAR LINEAR LINEAR LINEAR LINEAR LINEAR
LINEAR LINEAR LINEAR LINEAR LINEAR LINEAR LINEAR LINEAR LINEAR LINEAR LINEAR LINEAR
LINEAR LINEAR</Name_array><technique_common><accessor source="#mixamorig_Neck-Interpolations-array" count="37"><param type="name"/></accessor></technique_common></source><sampler id="mixamorig_Neck-Matrix-animation-transform"><input semantic="INPUT" source="#mixamorig_Neck-Matrix-animation-input"/><input semantic="OUTPUT" source="#mixamorig_Neck-Matrix-animation-output-transform"/><input semantic="INTERPOLATION" source="#mixamorig_Neck-Interpolations"/></sampler><channel source="#mixamorig_Neck-Matrix-animation-transform" target="mixamorig_Neck/matrix"/></animation>
    <animation id="mixamorig_Head-anim" name="mixamorig_Head"><source id="mixamorig_Head-Matrix-animation-input"><float_array id="mixamorig_Head-Matrix-animation-input-array" count="37">

0.000000 0.033333 0.066667 0.100000 0.133333 0.166667 0.200000 0.233333 0.266667 0.300000 0.333333 0.366667 0.400000 0.433333 0.466667 0.500000
0.533333 0.566667 0.600000 0.633333 0.666667 0.700000 0.733333 0.766667 0.800000 0.833333 0.866667 0.900000 0.933333 0.966667 1.000000 1.033333
1.066667 1.100000 1.133333 1.166667 1.200000</float_array><technique_common><accessor source="#mixamorig_Head-Matrix-animation-input-array" count="37"><param name="TIME" type="float"/></accessor></technique_common></source><source id="mixamorig_Head-Matrix-animation-output-transform"><float_array id="mixamorig_Head-Matrix-animation-output-transform-array" count="592">

0.987428 0.013063 -0.157529 0.000000 0.024599 0.971738 0.234778 0.074600 0.156144 -0.235701 0.959200 0.028000 0.000000 0.000000 0.000000 1.000000
0.989621 0.017655 -0.142611 -0.000000 0.014679 0.974814 0.222538 0.074600 0.142948 -0.222321 0.964437 0.028000 0.000000 0.000000 0.000000 1.000000
0.992210 0.020658 -0.122850 -0.000000 0.006105 0.976906 0.213581 0.074600 0.124425 -0.212667 0.969170 0.028000 0.000000 0.000000 0.000000 1.000000
0.994986 0.019219 -0.098150 -0.000000 0.001552 0.978279 0.207287 0.074600 0.100001 -0.206400 0.973344 0.028000 0.000000 0.000000 0.000000 1.000000
0.997603 0.015496 -0.067436 0.000000 -0.001608 0.979529 0.201295 0.074600 0.069175 -0.200704 0.977207 0.028000 0.000000 0.000000 0.000000 1.000000
0.999361 0.008765 -0.034660 0.000000 -0.001683 0.979939 0.199289 0.074600 0.035712 -0.199103 0.979328 0.028000 0.000000 0.000000 0.000000 1.000000
0.999927 -0.000365 -0.012088 0.000000 0.002906 0.977500 0.210915 0.074600 0.011739 -0.210934 0.977430 0.028000 0.000000 0.000000 0.000000 1.000000
0.999976 -0.004439 -0.005291 0.000000 0.005568 0.971420 0.237303 0.074600 0.004086 -0.237327 0.971421 0.028000 0.000000 0.000000 0.000000 1.000000
0.999965 -0.005832 -0.006034 0.000000 0.007252 0.962395 0.271556 0.074600 0.004224 -0.271590 0.962404 0.028000 0.000000 0.000000 0.000000 1.000000
