<?xml version="1.0" encoding="utf-8"?>
<COLLADA xmlns="http://www.collada.org/2005/11/COLLADASchema" version="1.4.1">
  <asset><contributor><author>Mixamo</author><authoring_tool>COLLADA Mixamo exporter</authoring_tool><comments></comments></contributor><created>2017-07-28T21:20:21Z</created><modified>2017-07-28T21:20:21Z</modified><revision></revision><title></title><unit meter="0.010000"/><up_axis>Y_UP</up_axis></asset>
  <library_animations>
    <animation id="mixamorig_Hips-anim" name="mixamorig_Hips"><source id="mixamorig_Hips-Matrix-animation-input"><float_array id="mixamorig_Hips-Matrix-animation-input-array" count="32">

0.000000 0.033333 0.066667 0.100000 0.133333 0.166667 0.200000 0.233333 0.266667 0.300000 0.333333 0.366667 0.400000 0.433333 0.466667 0.500000
0.533333 0.566667 0.600000 0.633333 0.666667 0.700000 0.733333 0.766667 0.800000 0.833333 0.866667 0.900000 0.933333 0.966667 1.000000 1.033333</float_array><technique_common><accessor source="#mixamorig_Hips-Matrix-animation-input-array" count="32"><param name="TIME" type="float"/></accessor></technique_common></source><source id="mixamorig_Hips-Matrix-animation-output-transform"><float_array id="mixamorig_Hips-Matrix-animation-output-transform-array" count="512">

0.999349 0.013384 0.033511 0.000548 -0.012232 0.999335 -0.034355 1.125612 -0.033949 0.033922 0.998848 -0.008043 0.000000 0.000000 0.000000 1.000000
0.999707 0.007212 0.023094 0.002186 -0.006174 0.998982 -0.044687 1.137264 -0.023392 0.044531 0.998734 -0.012627 0.000000 0.000000 0.000000 1.000000
0.999916 0.004092 0.012309 0.004335 -0.003400 0.998441 -0.055705 1.140343 -0.012518 0.055658 0.998371 -0.018934 0.000000 0.000000 0.000000 1.000000
0.999730 0.022090 -0.007220 0.007289 -0.022503 0.997741 -0.063304 1.131723 0.005805 0.063450 0.997968 -0.024569 0.000000 0.000000 0.000000 1.000000
0.998466 0.043841 -0.033810 0.010092 -0.045999 0.996763 -0.065939 1.114947 0.030810 0.067393 0.997251 -0.026639 0.000000 0.000000 0.000000 1.000000
0.997120 0.053726 -0.053522 0.013364 -0.057356 0.995982 -0.068772 1.096088 0.049612 0.071644 0.996196 -0.026055 0.000000 0.000000 0.000000 1.000000
0.996556 0.052468 -0.064211 0.017505 -0.056886 0.995992 -0.069017 1.081481 0.060332 0.072432 0.995547 -0.024844 0.000000 0.000000 0.000000 1.000000
0.997406 0.040082 -0.059794 0.022715 -0.043251 0.997674 -0.052679 1.071071 0.057543 0.055129 0.996820 -0.015934 0.000000 0.000000 0.000000 1.000000
0.998232 0.033444 -0.049135 0.030317 -0.035421 0.998574 -0.039933 1.066836 0.047729 0.041603 0.997994 0.000888 0.000000 0.000000 0.000000 1.000000
0.998860 0.027450 -0.039058 0.038623 -0.028567 0.999190 -0.028349 1.060759 0.038249 0.029433 0.998835 0.014610 0.000000 0.000000 0.000000 1.000000
0.999378 0.019172 -0.029587 0.045817 -0.019708 0.999645 -0.017941 1.052087 0.029233 0.018513 0.999401 0.020696 0.000000 0.000000 0.000000 1.000000
0.999792 0.007577 -0.018911 0.051945 -0.007744 0.999931 -0.008782 1.048342 0.018843 0.008927 0.999783 0.020071 0.000000 0.000000 0.000000 1.000000
0.999976 -0.002238 -0.006558 0.056387 0.002232 0.999997 -0.000988 1.051998 0.006560 0.000974 0.999978 0.016888 0.000000 0.000000 0.000000 1.000000
0.999916 -0.010648 0.007377 0.057704 0.010608 0.999929 0.005455 1.063992 -0.007435 -0.005377 0.999958 0.012656 0.000000 0.000000 0.000000 1.000000
0.999573 -0.019018 0.022199 0.056085 0.018787 0.999768 0.010578 1.079399 -0.022395 -0.010157 0.999698 0.008277 0.000000 0.000000 0.000000 1.000000
0.998948 -0.026306 0.037557 0.052288 0.025782 0.999564 0.014369 1.093614 -0.037919 -0.013386 0.999191 0.006622 0.000000 0.000000 0.000000 1.000000
0.998072 -0.032015 0.053168 0.048689 0.031288 0.999406 0.014449 1.106568 -0.053599 -0.012758 0.998481 0.007000 0.000000 0.000000 0.000000 1.000000
0.997052 -0.035384 0.068082 0.045542 0.034775 0.999344 0.010105 1.114366 -0.068395 -0.007708 0.997629 0.006781 0.000000 0.000000 0.000000 1.000000
0.996006 -0.036093 0.081668 0.042271 0.036195 0.999345 0.000238 1.115949 -0.081623 0.002719 0.996660 0.005584 0.000000 0.000000 0.000000 1.000000
0.993891 -0.047392 0.099676 0.038040 0.048874 0.998727 -0.012483 1.113889 -0.098958 0.017279 0.994942 0.004988 0.000000 0.000000 0.000000 1.000000
0.991372 -0.056649 0.118207 0.033721 0.060161 0.997841 -0.026349 1.105283 -0.116459 0.033233 0.992639 0.005389 0.000000 0.000000 0.000000 1.000000
0.989961 -0.059533 0.128188 0.029426 0.065428 0.996962 -0.042271 1.096356 -0.125282 0.050234 0.990849 0.004134 0.000000 0.000000 0.000000 1.000000
0.990050 -0.056833 0.128731 0.023093 0.063069 0.996999 -0.044896 1.081377 -0.125793 0.052568 0.990663 0.009143 0.000000 0.000000 0.000000 1.000000
0.992286 -0.038649 0.117790 0.015674 0.042524 0.998628 -0.030570 1.069042 -0.116447 0.035343 0.992568 0.020652 0.000000 0.000000 0.000000 1.000000
0.993870 -0.028955 0.106697 0.007926 0.031907 0.999151 -0.026066 1.060054 -0.105851 0.029310 0.993950 0.033951 0.000000 0.000000 0.000000 1.000000
0.995191 -0.016729 0.096514 0.000569 0.019236 0.999500 -0.025100 1.051960 -0.096046 0.026836 0.995015 0.038540 0.000000 0.000000 0.000000 1.000000
0.996206 -0.006213 0.086807 -0.006907 0.008568 0.999605 -0.026777 1.051082 -0.086606 0.027420 0.995865 0.036947 0.000000 0.000000 0.000000 1.000000
0.997054 0.002384 0.076669 -0.012213 -0.000085 0.999551 -0.029977 1.056898 -0.076706 0.029882 0.996606 0.028057 0.000000 0.000000 0.000000 1.000000
0.997793 0.007760 0.065951 -0.012976 -0.005558 0.999423 -0.033509 1.069855 -0.066173 0.033069 0.997260 0.017880 0.000000 0.000000 0.000000 1.000000
0.998433 0.010838 0.054892 -0.009554 -0.008857 0.999305 -0.036210 1.087786 -0.055246 0.035667 0.997836 0.009700 0.000000 0.000000 0.000000 1.000000
0.998955 0.012664 0.043913 -0.004305 -0.011046 0.999258 -0.036900 1.107478 -0.044347 0.036377 0.998354 0.001295 0.000000 0.000000 0.000000 1.000000
0.999349 0.013384 0.033511 0.000548 -0.012232 0.999335 -0.034355 1.125612 -0.033949 0.033922 0.998848 -0.008043 0.000000 0.000000 0.000000 1.000000</float_array><technique_common><accessor source="#mixamorig_Hips-Matrix-animation-output-transform-array" count="32" stride="16"><param type="float4x4"/></accessor></technique_common></source><source id="mixamorig_Hips-Interpolations"><Name_array id="mixamorig_Hips-Interpolations-array" count="32">
 LINEAR LINEAR LINEAR LINEAR LINEAR LINEAR LINEAR LINEAR LINEAR LINEAR LINEAR
LINEAR LINEAR LINEAR LINEAR LINEAR LINEAR LINEAR LINEAR LINEAR LINEAR LINEAR LINEAR
LINEAR LINEAR LINEAR LINEAR LINEAR LINEAR LINEAR LINEAR LINEAR</Name_array><technique_common><accessor source="#mixamorig_Hips-Interpolations-array" count="32"><param type="name"/></accessor></technique_common></source><sampler id="mixamorig_Hips-Matrix-animation-transform"><input semantic="INPUT" source="#mixamorig_Hips-Matrix-animation-input"/><input semantic="OUTPUT" source="#mixamorig_Hips-Matrix-animation-output-transform"/><input semantic="INTERPOLATION" source="#mixamorig_Hips-Interpolations"/></sampler><channel source="#mixamorig_Hips-Matrix-animation-transform" target="mixamorig_Hips/matrix"/></animation>
    <animation id="mixamorig_Spine-anim" name="mixamorig_Spine"><source id="mixamorig_Spine-Matrix-animation-input"><float_array id="mixamorig_Spine-Matrix-animation-input-array" count="32">

0.000000 0.033333 0.066667 0.100000 0.133333 0.166667 0.200000 0.233333 0.266667 0.300000 0.333333 0.366667 0.400000 0.433333 0.466667 0.500000
0.533333 0.566667 0.600000 0.633333 0.666667 0.700000 0.733333 0.766667 0.800000 0.833333 0.866667 0.900000 0.933333 0.966667 1.000000 1.033333</float_array><technique_common><accessor source="#mixamorig_Spine-Matrix-animation-input-array" count="32"><param name="TIME" type="float"/></accessor></technique_common></source><source id="mixamorig_Spine-Matrix-animation-output-transform"><float_array id="mixamorig_Spine-Matrix-animation-output-transform-array" count="512">

0.999718 -0.010182 -0.021475 0.000000 0.008978 0.998423 -0.055411 0.109100 0.022005 0.055203 0.998233 -0.005700 0.000000 0.000000 0.000000 1.000000
0.999985 -0.003748 -0.004042 -0.000000 0.003548 0.998822 -0.048400 0.109100 0.004219 0.048385 0.998820 -0.005700 0.000000 0.000000 0.000000 1.000000
0.999898 -0.007001 0.012475 -0.000000 0.007505 0.999137 -0.040862 0.109100 -0.012178 0.040952 0.999087 -0.005700 0.000000 0.000000 0.000000 1.000000
0.998483 -0.040548 0.037247 0.000000 0.041730 0.998632 -0.031520 0.109100 -0.035918 0.033027 0.998809 -0.005700 0.000000 0.000000 0.000000 1.000000
0.995794 -0.070285 0.058776 -0.000000 0.071553 0.997241 -0.019760 0.109100 -0.057225 0.023882 0.998076 -0.005700 0.000000 0.000000 0.000000 1.000000
0.995089 -0.074801 0.064832 0.000000 0.075625 0.997083 -0.010348 0.109100 -0.063869 0.015200 0.997843 -0.005700 0.000000 0.000000 0.000000 1.000000
0.995587 -0.062070 0.070386 0.000000 0.062926 0.997968 -0.009999 0.109100 -0.069622 0.014384 0.997470 -0.005700 0.000000 0.000000 0.000000 1.000000
0.996571 -0.035117 0.074915 0.000000 0.036560 0.999170 -0.017981 0.109100 -0.074222 0.020658 0.997028 -0.005700 0.000000 0.000000 0.000000 1.000000
0.997147 -0.015823 0.073801 -0.000000 0.016615 0.999811 -0.010125 0.109100 -0.073627 0.011322 0.997222 -0.005700 0.000000 0.000000 0.000000 1.000000
0.997531 0.005906 0.069978 0.000000 -0.005363 0.999954 -0.007940 0.109100 -0.070022 0.007546 0.997517 -0.005700 0.000000 0.000000 0.000000 1.000000
0.997280 0.018022 0.071475 0.000000 -0.017167 0.999774 -0.012565 0.109100 -0.071685 0.011304 0.997363 -0.005700 0.000000 0.000000 0.000000 1.000000
0.997867 0.025227 0.060209 0.000000 -0.024146 0.999535 -0.018622 0.109100 -0.060651 0.017129 0.998012 -0.005700 0.000000 0.000000 0.000000 1.000000
0.999286 0.026152 0.027265 0.000000 -0.025468 0.999359 -0.025144 0.109100 -0.027905 0.024431 0.999312 -0.005700 0.000000 0.000000 0.000000 1.000000
0.999649 0.025410 -0.007558 0.000000 -0.025638 0.999166 -0.031779 0.109100 0.006744 0.031962 0.999466 -0.005700 0.000000 0.000000 0.000000 1.000000
0.999074 0.028346 -0.032377 0.000000 -0.029511 0.998912 -0.036101 0.109100 0.031318 0.037023 0.998824 -0.005700 0.000000 0.000000 0.000000 1.000000
0.997866 0.037744 -0.053288 0.000000 -0.039624 0.998613 -0.034670 0.109100 0.051905 0.036708 0.997977 -0.005700 0.000000 0.000000 0.000000 1.000000
0.996221 0.044959 -0.074317 0.000000 -0.047410 0.998377 -0.031558 0.109100 0.072778 0.034962 0.996735 -0.005700 0.000000 0.000000 0.000000 1.000000
0.994494 0.048571 -0.092859 0.000000 -0.051819 0.998115 -0.032884 0.109100 0.091087 0.037514 0.995136 -0.005700 0.000000 0.000000 0.000000 1.000000
0.992913 0.052672 -0.106533 0.000000 -0.056474 0.997859 -0.032991 0.109100 0.104567 0.038774 0.993762 -0.005700 0.000000 0.000000 0.000000 1.000000
0.989588 0.076098 -0.122166 0.000000 -0.079716 0.996504 -0.025006 0.109100 0.119836 0.034484 0.992195 -0.005700 0.000000 0.000000 0.000000 1.000000
0.987027 0.093475 -0.130538 0.000000 -0.095793 0.995334 -0.011577 0.109100 0.128847 0.023931 0.991376 -0.005700 0.000000 0.000000 0.000000 1.000000
0.988117 0.089069 -0.125264 -0.000000 -0.090050 0.995935 -0.002184 0.109100 0.124560 0.013438 0.992121 -0.005700 0.000000 0.000000 0.000000 1.000000
0.990317 0.076214 -0.116036 0.000000 -0.077467 0.996975 -0.006323 0.109100 0.115203 0.015251 0.993225 -0.005700 0.000000 0.000000 0.000000 1.000000
0.993198 0.047017 -0.106525 -0.000000 -0.049478 0.998563 -0.020584 0.109100 0.105405 0.025715 0.994097 -0.005700 0.000000 0.000000 0.000000 1.000000
0.993424 0.025240 -0.111678 0.000000 -0.027603 0.999426 -0.019660 0.109100 0.111117 0.022613 0.993550 -0.005700 0.000000 0.000000 0.000000 1.000000
0.992098 0.013688 -0.124719 -0.000000 -0.015786 0.999750 -0.015849 0.109100 0.124471 0.017693 0.992066 -0.005700 0.000000 0.000000 0.000000 1.000000
0.992828 0.010332 -0.119102 0.000000 -0.012111 0.999825 -0.014227 0.109100 0.118934 0.015567 0.992780 -0.005700 0.000000 0.000000 0.000000 1.000000
0.995787 0.009653 -0.091185 -0.000000 -0.011718 0.999686 -0.022136 0.109100 0.090942 0.023111 0.995588 -0.005700 0.000000 0.000000 0.000000 1.000000
0.997972 0.007491 -0.063219 0.000000 -0.009441 0.999487 -0.030606 0.109100 0.062957 0.031141 0.997530 -0.005700 0.000000 0.000000 0.000000 1.000000
0.999005 0.001900 -0.044549 0.000000 -0.003441 0.999398 -0.034526 0.109100 0.044457 0.034645 0.998410 -0.005700 0.000000 0.000000 0.000000 1.000000
0.999490 -0.004843 -0.031562 0.000000 0.003531 0.999133 -0.041485 0.109100 0.031735 0.041352 0.998640 -0.005700 0.000000 0.000000 0.000000 1.000000
0.999718 -0.010182 -0.021475 -0.000000 0.008978 0.998423 -0.055411 0.109100 0.022005 0.055203 0.998233 -0.005700 0.000000 0.000000 0.000000 1.000000</float_array><technique_common><accessor source="#mixamorig_Spine-Matrix-animation-output-transform-array" count="32" stride="16"><param type="float4x4"/></accessor></technique_common></source><source id="mixamorig_Spine-Interpolations"><Name_array id="mixamorig_Spine-Interpolations-array" count="32">
 LINEAR LINEAR LINEAR LINEAR LINEAR LINEAR LINEAR LINEAR LINEAR LINEAR LINEAR
LINEAR LINEAR LINEAR LINEAR LINEAR LINEAR LINEAR LINEAR LINEAR LINEAR LINEAR LINEAR
LINEAR LINEAR LINEAR LINEAR LINEAR LINEAR LINEAR LINEAR LINEAR</Name_array><technique_common><accessor source="#mixamorig_Spine-Interpolations-array" count="32"><param type="name"/></accessor></technique_common></source><sampler id="mixamorig_Spine-Matrix-animation-transform"><input semantic="INPUT" source="#mixamorig_Spine-Matrix-animation-input"/><input semantic="OUTPUT" source="#mixamorig_Spine-Matrix-animation-output-transform"/><input semantic="INTERPOLATION" source="#mixamorig_Spine-Interpolations"/></sampler><channel source="#mixamorig_Spine-Matrix-animation-transform" target="mixamorig_Spine/matrix"/></animation>
    <animation id="mixamorig_Spine1-anim" name="mixamorig_Spine1"><source id="mixamorig_Spine1-Matrix-animation-input"><float_array id="mixamorig_Spine1-Matrix-animation-input-array" count="32">

0.000000 0.033333 0.066667 0.100000 0.133333 0.166667 0.200000 0.233333 0.266667 0.300000 0.333333 0.366667 0.400000 0.433333 0.466667 0.500000
0.533333 0.566667 0.600000 0.633333 0.666667 0.700000 0.733333 0.766667 0.800000 0.833333 0.866667 0.900000 0.933333 0.966667 1.000000 1.033333</float_array><technique_common><accessor source="#mixamorig_Spine1-Matrix-animation-input-array" count="32"><param name="TIME" type="float"/></accessor></technique_common></source><source id="mixamorig_Spine1-Matrix-animation-output-transform"><float_array id="mixamorig_Spine1-Matrix-animation-output-transform-array" count="512">

0.998877 -0.019264 -0.043275 0.000000 0.017380 0.998902 -0.043510 0.127500 0.044066 0.042709 0.998115 0.000000 0.000000 0.000000 0.000000 1.000000
0.999414 -0.010115 -0.032693 -0.000000 0.008840 0.999202 -0.038940 0.127500 0.033060 0.038628 0.998707 0.000000 0.000000 0.000000 0.000000 1.000000
0.999764 0.001719 -0.021649 -0.000000 -0.002478 0.999380 -0.035116 0.127500 0.021575 0.035162 0.999149 -0.000000 0.000000 0.000000 0.000000 1.000000
0.999771 0.018670 -0.010426 0.000000 -0.019015 0.999239 -0.034045 0.127500 0.009782 0.034235 0.999366 0.000000 0.000000 0.000000 0.000000 1.000000
0.999523 0.030821 0.002122 -0.000000 -0.030728 0.998914 -0.035018 0.127500 -0.003199 0.034936 0.999384 0.000000 0.000000 0.000000 0.000000 1.000000
0.999336 0.032240 0.016978 0.000000 -0.031630 0.998885 -0.035041 0.127500 -0.018089 0.034481 0.999242 0.000000 0.000000 0.000000 0.000000 1.000000
0.999084 0.029129 0.031359 0.000000 -0.028014 0.998979 -0.035442 0.127500 -0.032359 0.034531 0.998880 -0.000000 0.000000 0.000000 0.000000 1.000000
0.998768 0.026878 0.041709 0.000000 -0.025339 0.998994 -0.036995 0.127500 -0.042661 0.035893 0.998445 0.000000 0.000000 0.000000 0.000000 1.000000
0.998661 0.022732 0.046465 0.000000 -0.021178 0.999209 -0.033660 0.127500 -0.047193 0.032631 0.998353 0.000000 0.000000 0.000000 0.000000 1.000000
0.998998 0.011409 0.043288 -0.000000 -0.010292 0.999611 -0.025937 0.127500 -0.043567 0.025466 0.998726 -0.000000 0.000000 0.000000 0.000000 1.000000
0.999347 0.010574 0.034544 0.000000 -0.009810 0.999705 -0.022214 0.127500 -0.034768 0.021861 0.999156 0.000000 0.000000 0.000000 0.000000 1.000000
0.999562 0.011200 0.027392 0.000000 -0.010584 0.999690 -0.022544 0.127500 -0.027636 0.022244 0.999371 -0.000000 0.000000 0.000000 0.000000 1.000000
0.999796 0.008812 0.018162 -0.000000 -0.008331 0.999617 -0.026376 0.127500 -0.018388 0.026220 0.999487 0.000000 0.000000 0.000000 0.000000 1.000000
0.999977 0.006653 0.001311 0.000000 -0.006609 0.999498 -0.030991 0.127500 -0.001517 0.030982 0.999519 0.000000 0.000000 0.000000 0.000000 1.000000
0.999805 0.005410 -0.018979 0.000000 -0.006040 0.999428 -0.033280 0.127500 0.018788 0.033388 0.999266 0.000000 0.000000 0.000000 0.000000 1.000000
0.999306 -0.000072 -0.037244 0.000000 -0.001207 0.999410 -0.034317 0.127500 0.037224 0.034339 0.998717 -0.000000 0.000000 0.000000 0.000000 1.000000
0.998479 -0.006871 -0.054697 -0.000000 0.004927 0.999354 -0.035603 0.127500 0.054906 0.035280 0.997868 0.000000 0.000000 0.000000 0.000000 1.000000
0.997222 -0.014542 -0.073059 0.000000 0.011902 0.999265 -0.036433 0.127500 0.073535 0.035462 0.996662 -0.000000 0.000000 0.000000 0.000000 1.000000
0.995594 -0.025316 -0.090285 -0.000000 0.021968 0.999040 -0.037888 0.127500 0.091158 0.035738 0.995195 0.000000 0.000000 0.000000 0.000000 1.000000
0.993593 -0.040802 -0.105397 0.000000 0.036453 0.998416 -0.042864 0.127500 0.106979 0.038747 0.993506 -0.000000 0.000000 0.000000 0.000000 1.000000
0.991398 -0.050978 -0.120543 -0.000000 0.045599 0.997855 -0.046965 0.127500 0.122679 0.041065 0.991596 -0.000000 0.000000 0.000000 0.000000 1.000000
0.989758 -0.050065 -0.133692 -0.000000 0.044338 0.997981 -0.045478 0.127500 0.135699 0.039085 0.989979 0.000000 0.000000 0.000000 0.000000 1.000000
0.988911 -0.047438 -0.140732 -0.000000 0.041508 0.998134 -0.044779 0.127500 0.142594 0.038441 0.989035 0.000000 0.000000 0.000000 0.000000 1.000000
0.988725 -0.046383 -0.142379 -0.000000 0.040179 0.998126 -0.046148 0.127500 0.144253 0.039907 0.988736 -0.000000 0.000000 0.000000 0.000000 1.000000
0.989519 -0.039968 -0.138758 -0.000000 0.034428 0.998520 -0.042099 0.127500 0.140235 0.036880 0.989431 -0.000000 0.000000 0.000000 0.000000 1.000000
0.990498 -0.042906 -0.130660 -0.000000 0.037789 0.998428 -0.041400 0.127500 0.132231 0.036069 0.990562 0.000000 0.000000 0.000000 0.000000 1.000000
0.991362 -0.042750 -0.123991 -0.000000 0.038014 0.998464 -0.040316 0.127500 0.125524 0.035255 0.991464 0.000000 0.000000 0.000000 0.000000 1.000000
0.992642 -0.040033 -0.114277 0.000000 0.035553 0.998528 -0.040972 0.127500 0.115749 0.036608 0.992604 0.000000 0.000000 0.000000 0.000000 1.000000
0.994686 -0.036400 -0.096305 0.000000 0.032274 0.998507 -0.044065 0.127500 0.097765 0.040723 0.994376 -0.000000 0.000000 0.000000 0.000000 1.000000
0.996778 -0.030978 -0.073991 0.000000 0.027593 0.998544 -0.046346 0.127500 0.075319 0.044155 0.996181 0.000000 0.000000 0.000000 0.000000 1.000000
0.998163 -0.025231 -0.055074 0.000000 0.022713 0.998689 -0.045883 0.127500 0.056160 0.044548 0.997427 -0.000000 0.000000 0.000000 0.000000 1.000000
0.998877 -0.019264 -0.043275 0.000000 0.017380 0.998902 -0.043510 0.127500 0.044066 0.042709 0.998115 0.000000 0.000000 0.000000 0.000000 1.000000</float_array><technique_common><accessor source="#mixamorig_Spine1-Matrix-animation-output-transform-array" count="32" stride="16"><param type="float4x4"/></accessor></technique_common></source><source id="mixamorig_Spine1-Interpolations"><Name_array id="mixamorig_Spine1-Interpolations-array" count="32">
 LINEAR LINEAR LINEAR LINEAR LINEAR LINEAR LINEAR LINEAR LINEAR LINEAR LINEAR
LINEAR LINEAR LINEAR LINEAR LINEAR LINEAR LINEAR LINEAR LINEAR LINEAR LINEAR LINEAR
LINEAR LINEAR LINEAR LINEAR LINEAR LINEAR LINEAR LINEAR LINEAR</Name_array><technique_common><accessor source="#mixamorig_Spine1-Interpolations-array" count="32"><param type="name"/></accessor></technique_common></source><sampler id="mixamorig_Spine1-Matrix-animation-transform"><input semantic="INPUT" source="#mixamorig_Spine1-Matrix-animation-input"/><input semantic="OUTPUT" source="#mixamorig_Spine1-Matrix-animation-output-transform"/><input semantic="INTERPOLATION" source="#mixamorig_Spine1-Interpolations"/></sampler><channel source="#mixamorig_Spine1-Matrix-animation-transform" target="mixamorig_Spine1/matrix"/></animation>
    <animation id="mixamorig_Spine2-anim" name="mixamorig_Spine2"><source id="mixamorig_Spine2-Matrix-animation-input"><float_array id="mixamorig_Spine2-Matrix-animation-input-array" count="32">

0.000000 0.033333 0.066667 0.100000 0.133333 0.166667 0.200000 0.233333 0.266667 0.300000 0.333333 0.366667 0.400000 0.433333 0.466667 0.500000
0.533333 0.566667 0.600000 0.633333 0.666667 0.700000 0.733333 0.766667 0.800000 0.833333 0.866667 0.900000 0.933333 0.966667 1.000000 1.033333</float_array><technique_common><accessor source="#mixamorig_Spine2-Matrix-animation-input-array" count="32"><param name="TIME" type="float"/></accessor></technique_common></source><source id="mixamorig_Spine2-Matrix-animation-output-transform"><float_array id="mixamorig_Spine2-Matrix-animation-output-transform-array" count="512">

0.998867 -0.021215 -0.042605 0.000000 0.019379 0.998885 -0.043050 0.145700 0.043471 0.042176 0.998164 0.000000 0.000000 0.000000 0.000000 1.000000
0.999418 -0.011782 -0.032021 0.000000 0.010542 0.999197 -0.038646 0.145700 0.032451 0.038286 0.998740 0.000000 0.000000 0.000000 0.000000 1.000000
0.999776 0.000322 -0.021161 0.000000 -0.001059 0.999393 -0.034830 0.145700 0.021137 0.034844 0.999169 0.000000 0.000000 0.000000 0.000000 1.000000
0.999792 0.017571 -0.010359 0.000000 -0.017908 0.999282 -0.033383 0.145700 0.009765 0.033562 0.999389 0.000000 0.000000 0.000000 0.000000 1.000000
0.999544 0.030135 0.001825 0.000000 -0.030056 0.998979 -0.033732 0.145700 -0.002840 0.033662 0.999429 0.000000 0.000000 0.000000 0.000000 1.000000
0.999353 0.031939 0.016561 0.000000 -0.031368 0.998942 -0.033644 0.145700 -0.017618 0.033102 0.999297 0.000000 0.000000 0.000000 0.000000 1.000000
0.999094 0.029265 0.030893 0.000000 -0.028199 0.999010 -0.034403 0.145700 -0.031869 0.033501 0.998930 0.000000 0.000000 0.000000 0.000000 1.000000
0.998769 0.027553 0.041248 0.000000 -0.026068 0.999008 -0.036099 0.145700 -0.042202 0.034979 0.998497 0.000000 0.000000 0.000000 0.000000 1.000000
0.998654 0.023255 0.046358 -0.000000 -0.021744 0.999224 -0.032837 0.145700 -0.047086 0.031785 0.998385 0.000000 0.000000 0.000000 0.000000 1.000000
0.998979 0.011093 0.043795 0.000000 -0.009974 0.999620 -0.025690 0.145700 -0.044063 0.025227 0.998710 0.000000 0.000000 0.000000 0.000000 1.000000
0.999329 0.009759 0.035289 -0.000000 -0.008998 0.999725 -0.021651 0.145700 -0.035491 0.021319 0.999143 -0.000000 0.000000 0.000000 0.000000 1.000000
0.999546 0.010470 0.028252 -0.000000 -0.009858 0.999716 -0.021714 0.145700 -0.028471 0.021425 0.999365 -0.000000 0.000000 0.000000 0.000000 1.000000
0.999783 0.008397 0.019049 0.000000 -0.007906 0.999639 -0.025675 0.145700 -0.019258 0.025519 0.999489 -0.000000 0.000000 0.000000 0.000000 1.000000
0.999978 0.006221 0.002132 0.000000 -0.006152 0.999513 -0.030606 0.145700 -0.002321 0.030592 0.999529 0.000000 0.000000 0.000000 0.000000 1.000000
0.999823 0.004587 -0.018252 0.000000 -0.005192 0.999434 -0.033227 0.145700 0.018089 0.033316 0.999281 -0.000000 0.000000 0.000000 0.000000 1.000000
0.999331 -0.001381 -0.036558 0.000000 0.000125 0.999410 -0.034336 0.145700 0.036584 0.034309 0.998741 0.000000 0.000000 0.000000 0.000000 1.000000
0.998501 -0.008713 -0.054039 0.000000 0.006803 0.999349 -0.035423 0.145700 0.054312 0.035003 0.997910 0.000000 0.000000 0.000000 0.000000 1.000000
0.997233 -0.016832 -0.072403 -0.000000 0.014259 0.999253 -0.035919 0.145700 0.072954 0.034788 0.996728 0.000000 0.000000 0.000000 0.000000 1.000000
0.995594 -0.027949 -0.089508 0.000000 0.024751 0.999022 -0.036636 0.145700 0.090445 0.034259 0.995312 -0.000000 0.000000 0.000000 0.000000 1.000000
0.993575 -0.044028 -0.104257 0.000000 0.040039 0.998395 -0.040055 0.145700 0.105854 0.035623 0.993743 0.000000 0.000000 0.000000 0.000000 1.000000
0.991372 -0.054808 -0.119067 0.000000 0.049970 0.997814 -0.043253 0.145700 0.121177 0.036930 0.991944 -0.000000 0.000000 0.000000 0.000000 1.000000
0.989750 -0.053902 -0.132249 -0.000000 0.048677 0.997913 -0.042435 0.145700 0.134260 0.035562 0.990308 0.000000 0.000000 0.000000 0.000000 1.000000
0.988908 -0.051445 -0.139339 -0.000000 0.045952 0.998045 -0.042363 0.145700 0.141246 0.035490 0.989338 0.000000 0.000000 0.000000 0.000000 1.000000
0.988693 -0.050823 -0.141078 0.000000 0.045077 0.998030 -0.043633 0.145700 0.143018 0.036781 0.989036 0.000000 0.000000 0.000000 0.000000 1.000000
0.989458 -0.043927 -0.138000 0.000000 0.038721 0.998441 -0.040193 0.145700 0.139551 0.034426 0.989616 0.000000 0.000000 0.000000 0.000000 1.000000
0.990404 -0.046325 -0.130208 0.000000 0.041640 0.998391 -0.038478 0.145700 0.131781 0.032686 0.990740 0.000000 0.000000 0.000000 0.000000 1.000000
0.991261 -0.045754 -0.123729 0.000000 0.041404 0.998438 -0.037504 0.145700 0.125252 0.032053 0.991607 0.000000 0.000000 0.000000 0.000000 1.000000
0.992545 -0.042979 -0.114050 0.000000 0.038777 0.998494 -0.038808 0.145700 0.115546 0.034096 0.992717 0.000000 0.000000 0.000000 0.000000 1.000000
0.994600 -0.039477 -0.095983 0.000000 0.035524 0.998463 -0.042547 0.145700 0.097515 0.038908 0.994473 0.000000 0.000000 0.000000 0.000000 1.000000
0.996720 -0.033823 -0.073520 -0.000000 0.030527 0.998498 -0.045494 0.145700 0.074948 0.043100 0.996256 0.000000 0.000000 0.000000 0.000000 1.000000
0.998136 -0.027529 -0.054462 0.000000 0.025064 0.998653 -0.045430 0.145700 0.055640 0.043980 0.997482 0.000000 0.000000 0.000000 0.000000 1.000000
0.998867 -0.021215 -0.042605 0.000000 0.019379 0.998885 -0.043050 0.145700 0.043471 0.042176 0.998164 0.000000 0.000000 0.000000 0.000000 1.000000</float_array><technique_common><accessor source="#mixamorig_Spine2-Matrix-animation-output-transform-array" count="32" stride="16"><param type="float4x4"/></accessor></technique_common></source><source id="mixamorig_Spine2-Interpolations"><Name_array id="mixamorig_Spine2-Interpolations-array" count="32">
 LINEAR LINEAR LINEAR LINEAR LINEAR LINEAR LINEAR LINEAR LINEAR LINEAR LINEAR
LINEAR LINEAR LINEAR LINEAR LINEAR LINEAR LINEAR LINEAR LINEAR LINEAR LINEAR LINEAR
LINEAR LINEAR LINEAR LINEAR LINEAR LINEAR LINEAR LINEAR LINEAR</Name_array><technique_common><accessor source="#mixamorig_Spine2-Interpolations-array" count="32"><param type="name"/></accessor></technique_common></source><sampler id="mixamorig_Spine2-Matrix-animation-transform"><input semantic="INPUT" source="#mixamorig_Spine2-Matrix-animation-input"/><input semantic="OUTPUT" source="#mixamorig_Spine2-Matrix-animation-output-transform"/><input semantic="INTERPOLATION" source="#mixamorig_Spine2-Interpolations"/></sampler><channel source="#mixamorig_Spine2-Matrix-animation-transform" target="mixamorig_Spine2/matrix"/></animation>
    <animation id="mixamorig_Neck-anim" name="mixamorig_Neck"><source id="mixamorig_Neck-Matrix-animation-input"><float_array id="mixamorig_Neck-Matrix-animation-input-array" count="32">

0.000000 0.033333 0.066667 0.100000 0.133333 0.166667 0.200000 0.233333 0.266667 0.300000 0.333333 0.366667 0.400000 0.433333 0.466667 0.500000
0.533333 0.566667 0.600000 0.633333 0.666667 0.700000 0.733333 0.766667 0.800000 0.833333 0.866667 0.900000 0.933333 0.966667 1.000000 1.033333</float_array><technique_common><accessor source="#mixamorig_Neck-Matrix-animation-input-array" count="32"><param name="TIME" type="float"/></accessor></technique_common></source><source id="mixamorig_Neck-Matrix-animation-output-transform"><float_array id="mixamorig_Neck-Matrix-animation-output-transform-array" count="512">

0.999301 0.004142 0.037153 0.000000 -0.002518 0.999044 -0.043645 0.163900 -0.037298 0.043521 0.998356 -0.000000 0.000000 0.000000 0.000000 1.000000
0.999438 0.006365 0.032913 0.000000 -0.004899 0.999001 -0.044417 0.163900 -0.033163 0.044230 0.998471 0.000000 0.000000 0.000000 0.000000 1.000000
0.999623 0.004337 0.027098 -0.000000 -0.003174 0.999078 -0.042822 0.163900 -0.027258 0.042720 0.998715 0.000000 0.000000 0.000000 0.000000 1.000000
0.999795 -0.005905 0.019354 0.000000 0.006695 0.999136 -0.041021 0.163900 -0.019095 0.041142 0.998971 0.000000 0.000000 0.000000 0.000000 1.000000
0.999797 -0.016764 0.011221 0.000000 0.017218 0.998983 -0.041670 0.163900 -0.010511 0.041855 0.999068 -0.000000 0.000000 0.000000 0.000000 1.000000
0.999785 -0.020307 0.004140 0.000000 0.020462 0.998914 -0.041866 0.163900 -0.003286 0.041942 0.999115 0.000000 0.000000 0.000000 0.000000 1.000000
0.999829 -0.018360 -0.002006 0.000000 0.018267 0.999069 -0.039095 0.163900 0.002722 0.039051 0.999234 -0.000000 0.000000 0.000000 0.000000 1.000000
0.999886 -0.013393 -0.006956 0.000000 0.013121 0.999201 -0.037741 0.163900 0.007455 0.037645 0.999263 0.000000 0.000000 0.000000 0.000000 1.000000
0.999964 0.001567 -0.008371 -0.000000 -0.001934 0.999028 -0.044045 0.163900 0.008294 0.044060 0.998994 -0.000000 0.000000 0.000000 0.000000 1.000000
0.999611 0.027461 -0.004915 0.000000 -0.027669 0.998426 -0.048794 0.163900 0.003568 0.048911 0.998797 -0.000000 0.000000 0.000000 0.000000 1.000000
0.999208 0.039796 -0.000710 -0.000000 -0.039784 0.998017 -0.048771 0.163900 -0.001233 0.048760 0.998810 -0.000000 0.000000 0.000000 0.000000 1.000000
0.998802 0.048724 0.004591 0.000000 -0.048429 0.997531 -0.050864 0.163900 -0.007058 0.050581 0.998695 0.000000 0.000000 0.000000 0.000000 1.000000
0.998459 0.054127 0.012274 -0.000000 -0.053423 0.997225 -0.051847 0.163900 -0.015047 0.051111 0.998580 0.000000 0.000000 0.000000 0.000000 1.000000
0.998561 0.049282 0.021154 -0.000000 -0.048163 0.997562 -0.050497 0.163900 -0.023591 0.049405 0.998500 -0.000000 0.000000 0.000000 0.000000 1.000000
0.998819 0.038413 0.029761 -0.000000 -0.036825 0.997959 -0.052177 0.163900 -0.031705 0.051020 0.998194 0.000000 0.000000 0.000000 0.000000 1.000000
0.998815 0.030143 0.038206 0.000000 -0.027898 0.997927 -0.058002 0.163900 -0.039875 0.056867 0.997585 0.000000 0.000000 0.000000 0.000000 1.000000
0.998633 0.023103 0.046880 -0.000000 -0.020111 0.997790 -0.063332 0.163900 -0.048239 0.062303 0.996891 -0.000000 0.000000 0.000000 0.000000 1.000000
0.998264 0.018197 0.056024 0.000000 -0.014595 0.997841 -0.064040 0.163900 -0.057069 0.063111 0.996374 -0.000000 0.000000 0.000000 0.000000 1.000000
0.997663 0.020207 0.065268 0.000000 -0.016189 0.997975 -0.061515 0.163900 -0.066379 0.060315 0.995970 -0.000000 0.000000 0.000000 0.000000 1.000000
0.996765 0.029845 0.074629 0.000000 -0.025488 0.997952 -0.058672 0.163900 -0.076227 0.056581 0.995484 -0.000000 0.000000 0.000000 0.000000 1.000000
0.995765 0.039117 0.083200 -0.000000 -0.034457 0.997795 -0.056722 0.163900 -0.085235 0.053615 0.994917 -0.000000 0.000000 0.000000 0.000000 1.000000
0.995090 0.042326 0.089465 0.000000 -0.037673 0.997880 -0.053068 0.163900 -0.091521 0.049437 0.994575 0.000000 0.000000 0.000000 0.000000 1.000000
0.994896 0.039709 0.092767 0.000000 -0.035418 0.998245 -0.047458 0.163900 -0.094489 0.043930 0.994556 0.000000 0.000000 0.000000 0.000000 1.000000
0.995083 0.032214 0.093664 0.000000 -0.028207 0.998642 -0.043799 0.163900 -0.094948 0.040942 0.994640 0.000000 0.000000 0.000000 0.000000 1.000000
0.995793 0.009143 0.091175 0.000000 -0.004733 0.998814 -0.048468 0.163900 -0.091510 0.047832 0.994655 0.000000 0.000000 0.000000 0.000000 1.000000
0.996140 -0.002765 0.087730 0.000000 0.007292 0.998655 -0.051327 0.163900 -0.087470 0.051769 0.994821 0.000000 0.000000 0.000000 0.000000 1.000000
0.996605 -0.014104 0.081115 0.000000 0.018398 0.998455 -0.052437 0.163900 -0.080250 0.053751 0.995324 -0.000000 0.000000 0.000000 0.000000 1.000000
0.997224 -0.023376 0.070695 -0.000000 0.026913 0.998411 -0.049501 0.163900 -0.069426 0.051267 0.996269 0.000000 0.000000 0.000000 0.000000 1.000000
0.997990 -0.023150 0.058997 0.000000 0.025923 0.998574 -0.046667 0.163900 -0.057833 0.048103 0.997167 0.000000 0.000000 0.000000 0.000000 1.000000
0.998718 -0.014904 0.048378 0.000000 0.017188 0.998741 -0.047129 0.163900 -0.047614 0.047900 0.997717 0.000000 0.000000 0.000000 0.000000 1.000000
0.999165 -0.004138 0.040648 0.000000 0.006061 0.998863 -0.047296 0.163900 -0.040406 0.047503 0.998054 0.000000 0.000000 0.000000 0.000000 1.000000
0.999301 0.004142 0.037153 0.000000 -0.002518 0.999044 -0.043645 0.163900 -0.037298 0.043521 0.998356 -0.000000 0.000000 0.000000 0.000000 1.000000</float_array><technique_common><accessor source="#mixamorig_Neck-Matrix-animation-output-transform-array" count="32" stride="16"><param type="float4x4"/></accessor></technique_common></source><source id="mixamorig_Neck-Interpolations"><Name_array id="mixamorig_Neck-Interpolations-array" count="32">
 LINEAR LINEAR LINEAR LINEAR LINEAR LINEAR LINEAR LINEAR LINEAR LINEAR LINEAR
LINEAR LINEAR LINEAR LINEAR LINEAR LINEAR LINEAR LINEAR LINEAR LINEAR LINEAR LINEAR
LINEAR LINEAR LINEAR LINEAR LINEAR LINEAR LINEAR LINEAR LINEAR</Name_array><technique_common><accessor source="#mixamorig_Neck-Interpolations-array" count="32"><param type="name"/></accessor></technique_common></source><sampler id="mixamorig_Neck-Matrix-animation-transform"><input semantic="INPUT" source="#mixamorig_Neck-Matrix-animation-input"/><input semantic="OUTPUT" source="#mixamorig_Neck-Matrix-animation-output-transform"/><input semantic="INTERPOLATION" source="#mixamorig_Neck-Interpolations"/></sampler><channel source="#mixamorig_Neck-Matrix-animation-transform" target="mixamorig_Neck/matrix"/></animation>
    <animation id="mixamorig_Head-anim" name="mixamorig_Head"><source id="mixamorig_Head-Matrix-animation-input"><float_array id="mixamorig_Head-Matrix-animation-input-array" count="32">

0.000000 0.033333 0.066667 0.100000 0.133333 0.166667 0.200000 0.233333 0.266667 0.300000 0.333333 0.366667 0.400000 0.433333 0.466667 0.500000
0.533333 0.566667 0.600000 0.633333 0.666667 0.700000 0.733333 0.766667 0.800000 0.833333 0.866667 0.900000 0.933333 0.966667 1.000000 1.033333</float_array><technique_common><accessor source="#mixamorig_Head-Matrix-animation-input-array" count="32"><param name="TIME" type="float"/></accessor></technique_common></source><source id="mixamorig_Head-Matrix-animation-output-transform"><float_array id="mixamorig_Head-Matrix-animation-output-transform-array" count="512">

0.996340 0.032647 0.078999 0.000000 -0.037096 0.997768 0.055527 0.074600 -0.077010 -0.058255 0.995327 0.028000 0.000000 0.000000 0.000000 1.000000
0.997790 0.032674 0.057860 0.000000 -0.035549 0.998148 0.049374 0.074600 -0.056139 -0.051322 0.997103 0.028000 0.000000 0.000000 0.000000 1.000000
0.998661 0.032668 0.040123 -0.000000 -0.034635 0.998181 0.049343 0.074600 -0.038438 -0.050667 0.997976 0.028000 0.000000 0.000000 0.000000 1.000000
0.998921 0.038288 0.026298 0.000000 -0.039711 0.997646 0.055908 0.074600 -0.024095 -0.056892 0.998090 0.028000 0.000000 0.000000 0.000000 1.000000
0.998903 0.041941 0.020843 0.000000 -0.043277 0.996716 0.068436 0.074600 -0.017904 -0.069263 0.997438 0.028000 0.000000 0.000000 0.000000 1.000000
0.998919 0.042160 0.019596 0.000000 -0.043615 0.995765 0.080926 0.074600 -0.016101 -0.081693 0.996527 0.028000 0.000000 0.000000 0.000000 1.000000
0.999048 0.041890 0.012176 0.000000 -0.042852 0.994640 0.094102 0.074600 -0.008168 -0.094534 0.995488 0.028000 0.000000 0.000000 0.000000 1.000000
0.999399 0.034408 -0.004238 -0.000000 -0.033784 0.994043 0.103617 0.074600 0.007778 -0.103411 0.994608 0.028000 0.000000 0.000000 0.000000 1.000000
0.999636 0.015646 -0.021967 0.000000 -0.013536 0.995563 0.093120 0.074600 0.023327 -0.092789 0.995413 0.028000 0.000000 0.000000 0.000000 1.000000
0.999404 -0.010233 -0.032954 0.000000 0.012474 0.997572 0.068516 0.074600 0.032173 -0.068886 0.997106 0.028000 0.000000 0.000000 0.000000 1.000000
0.998749 -0.034349 -0.036337 0.000000 0.036239 0.997954 0.052681 0.074600 0.034453 -0.053932 0.997950 0.028000 0.000000 0.000000 0.000000 1.000000
0.998729 -0.041869 -0.028056 -0.000000 0.043394 0.997478 0.056162 0.074600 0.025634 -0.057308 0.998027 0.028000 0.000000 0.000000 0.000000 1.000000
0.999624 -0.027404 -0.000653 0.000000 0.027382 0.997165 0.070086 0.074600 -0.001269 -0.070078 0.997541 0.028000 0.000000 0.000000 0.000000 1.000000
0.999331 -0.002955 0.036440 0.000000 0.000205 0.997166 0.075234 0.074600 -0.036559 -0.075176 0.996500 0.028000 0.000000 0.000000 0.000000 1.000000
0.997433 0.015534 0.069904 0.000000 -0.020025 0.997749 0.064005 0.074600 -0.068753 -0.065241 0.995498 0.028000 0.000000 0.000000 0.000000 1.000000
0.995126 0.024515 0.095515 0.000000 -0.028951 0.998552 0.045342 0.074600 -0.094266 -0.047886 0.994395 0.028000 0.000000 0.000000 0.000000 1.000000
0.992379 0.030540 0.119375 -0.000000 -0.034254 0.998987 0.029186 0.074600 -0.118363 -0.033052 0.992420 0.028000 0.000000 0.000000 0.000000 1.000000
0.989005 0.036365 0.143342 0.000000 -0.039846 0.998975 0.021489 0.074600 -0.142414 -0.026964 0.989440 0.028000 0.000000 0.000000 0.000000 1.000000
0.986150 0.038348 0.161363 0.000000 -0.043095 0.998732 0.026018 0.074600 -0.160160 -0.032612 0.986552 0.028000 0.000000 0.000000 0.000000 1.000000
0.984052 0.035415 0.174320 -0.000000 -0.043354 0.998179 0.041949 0.074600 -0.172517 -0.048838 0.983795 0.028000 0.000000 0.000000 0.000000 1.000000
0.982535 0.032725 0.183177 0.000000 -0.044146 0.997304 0.058622 0.074600 -0.180765 -0.065684 0.981331 0.028000 0.000000 0.000000 0.000000 1.000000
0.981894 0.032584 0.186609 0.000000 -0.045756 0.996722 0.066717 0.074600 -0.183824 -0.074048 0.980166 0.028000 0.000000 0.000000 0.000000 1.000000
0.981754 0.033322 0.187212 0.000000 -0.047893 0.996118 0.073857 0.074600 -0.184024 -0.081476 0.979539 0.028000 0.000000 0.000000 0.000000 1.000000
0.980591 0.041677 0.191582 0.000000 -0.059126 0.994515 0.086281 0.074600 -0.186935 -0.095934 0.977677 0.028000 0.000000 0.000000 0.000000 1.000000
0.975705 0.064898 0.209258 -0.000000 -0.084746 0.992569 0.087316 0.074600 -0.202036 -0.102929 0.973954 0.028000 0.000000 0.000000 0.000000 1.000000
0.970354 0.083242 0.226899 -0.000000 -0.102369 0.992001 0.073857 0.074600 -0.218936 -0.094894 0.971114 0.028000 0.000000 0.000000 0.000000 1.000000
0.970766 0.080643 0.226077 0.000000 -0.096976 0.993349 0.062078 0.074600 -0.219567 -0.082188 0.972129 0.028000 0.000000 0.000000 0.000000 1.000000
0.977407 0.066904 0.200498 0.000000 -0.081612 0.994476 0.066006 0.074600 -0.194974 -0.080878 0.977468 0.028000 0.000000 0.000000 0.000000 1.000000
0.985303 0.052587 0.162522 -0.000000 -0.065363 0.995092 0.074288 0.074600 -0.157818 -0.083819 0.983904 0.028000 0.000000 0.000000 0.000000 1.000000
0.991460 0.039490 0.124292 0.000000 -0.049012 0.996015 0.074509 0.074600 -0.120854 -0.079964 0.989444 0.028000 0.000000 0.000000 0.000000 1.000000
0.994966 0.032034 0.094957 -0.000000 -0.038439 0.997052 0.066402 0.074600 -0.092550 -0.069718 0.993264 0.028000 0.000000 0.000000 0.000000 1.000000
0.996340 0.032647 0.078999 0.000000 -0.037096 0.997768 0.055527 0.074600 -0.077010 -0.058255 0.995327 0.028000 0.000000 0.000000 0.000000 1.000000</float_array><technique_common><accessor source="#mixamorig_Head-Matrix-animation-output-transform-array" count="32" stride="16"><param type="float4x4"/></accessor></technique_common></source><source id="mixamorig_Head-Interpolations"><Name_array id="mixamorig_Head-Interpolations-array" count="32">
 LINEAR LINEAR LINEAR LINEAR LINEAR LINEAR LINEAR LINEAR LINEAR LINEAR LINEAR
LINEAR LINEAR LINEAR LINEAR LINEAR LINEAR LINEAR LINEAR LINEAR LINEAR LINEAR LINEAR
